# Created by Octave 4.2.2, Wed Jul 11 09:23:15 2018 GMT <unknown@unknown>
# name: bestWTrainGlobal
# type: cell
# rows: 1
# columns: 3
# name: <cell-element>
# type: matrix
# rows: 3
# columns: 5
 -1.017922182863401 0.8475817381727864 -0.05362146644051302 -0.5960853499507009 -1.560432460673839
 0.7959619811803407 -0.6099928823999725 -0.5084136884230981 -1.144126538168831 -0.1212487249181944
 0.05842790034488676 -2.001487496527734 -1.361386023027052 0.8994386954706753 -1.416213882995558



# name: <cell-element>
# type: matrix
# rows: 5
# columns: 5
 2.369326326982204 -1.38634632288554 -1.684882220020971 -1.020269086754694 1.616429773786511
 -2.421452883116527 -2.118767775471941 -0.249126890012727 2.357469615905814 -0.3273741810018986
 0.9303137597787074 -1.153990339376401 0.2337215597355868 1.459349835964741 -1.711985419414175
 -1.166518771884457 -2.118696924003367 0.7480777690795731 2.224175032951027 -1.957118895463278
 -1.793108724265344 -2.198935233659118 1.519033164363147 -0.8564004335911299 1.943334095767763



# name: <cell-element>
# type: matrix
# rows: 5
# columns: 3
 0.3112148909943832 0.7958537066440032 0.8812468631187398
 0.7656507436139349 0.564643936170403 1.422341505307339
 -0.2473131812915903 1.13152889523927 1.757352838235116
 -2.317160396400534 0.3695520699282264 0.3217384669064979
 2.305687587961885 -0.7269007954312009 -1.17767866139198





