# Created by Octave 4.2.2, Wed Jul 11 18:02:09 2018 -04 <francisco@francisco-X555LB>
# name: topologia
# type: matrix
# rows: 1
# columns: 2
 30 30


