# Created by Octave 4.2.2, Mon Jul 16 14:53:09 2018 GMT <unknown@unknown>
# name: topologia
# type: matrix
# rows: 1
# columns: 2
 30 30


