# Created by Octave 4.2.2, Mon Jul 09 12:17:48 2018 GMT <unknown@unknown>
# name: bestWTrainGlobal
# type: cell
# rows: 1
# columns: 3
# name: <cell-element>
# type: matrix
# rows: 3
# columns: 5
 0.01023565744033311 -1.720231368934492 2.20059926111025 -2.734074528850839 -0.4721728737869331
 1.785522095522903 -1.172020227357011 -2.165347667291883 -2.24478719171208 2.435758685888492
 2.665555340510336 2.25315069044875 -0.8600901047144496 1.893225776878473 -2.162249217160956



# name: <cell-element>
# type: matrix
# rows: 5
# columns: 5
 1.138363368844701 0.7156448728104617 2.243495460729569 1.737175040038983 -0.07181270945139417
 -2.721603152163937 -0.5887118904640436 0.1017774005772322 -1.159968423106614 -0.6908099508781425
 1.665930758974111 1.194596890293748 2.464527125394659 2.719087600437665 0.4696899708961084
 -1.297651262114923 0.4771657129198162 2.122849932541964 -1.383238759734172 -2.737029412006343
 1.704590723044427 -2.493143122939044 1.046524542445159 2.949432057370575 0.1944914728449452



# name: <cell-element>
# type: matrix
# rows: 5
# columns: 1
 -1.12388760219044
 0.2582611004003247
 1.091941694851425
 -2.808627558235896
 1.032352181371086





