# Created by Octave 4.2.2, Wed Jul 11 11:36:54 2018 GMT <unknown@unknown>
# name: bestWTrainGlobal
# type: cell
# rows: 1
# columns: 3
# name: <cell-element>
# type: matrix
# rows: 3
# columns: 5
 1.312276015855018 -0.6029384280686917 2.538404123785189 1.846268130855612 -2.646518008318103
 -0.1793134776183454 0.7837611333032971 0.8867942056024773 -1.94844264272826 0.9115757587476691
 -1.476683660137347 0.5121053223493094 -0.4805947529720318 -1.71372743465737 2.983208978232029



# name: <cell-element>
# type: matrix
# rows: 5
# columns: 5
 -1.850422494347564 -0.2076723551041002 1.84064102154828 -2.215920308606863 0.5557012244905325
 0.9813117289923533 1.035109889837265 -2.404290078923438 2.740961652763859 -0.2289397723275563
 2.631276532539609 -1.165731688561605 2.024774219239684 -2.152580533803729 -1.997100467334791
 2.069578042542326 -2.049884981202551 -0.161364612289866 1.780975476884307 1.899618340789782
 -1.81321306032812 -0.4425484980382621 1.465043796498785 0.4729465561800325 -1.596867221132595



# name: <cell-element>
# type: matrix
# rows: 5
# columns: 1
 0.5683170621480349
 2.893279406095309
 -1.925139638089647
 -2.093048448002975
 -2.523006174441393





