# Created by Octave 4.2.2, Mon Jul 09 12:30:14 2018 GMT <unknown@unknown>
# name: topologia
# type: matrix
# rows: 1
# columns: 2
 5 5


