# Created by Octave 4.2.2, Wed Jul 11 17:50:20 2018 GMT <unknown@unknown>
# name: bestWTrainGlobal
# type: cell
# rows: 1
# columns: 3
# name: <cell-element>
# type: matrix
# rows: 50
# columns: 5
 -0.4610502324049563 0.3301855843005098 0.7220027402780735 0.3333802241298237 -0.2755799179120434
 -0.007076936380234516 0.7484820600421853 -0.5620705549579613 -0.5622855291415146 0.6038863583409231
 -0.2875260757156613 -0.01983574521166455 -0.3163466353146857 -0.3414101580131631 0.7377813418800437
 -0.4513433447986741 0.514618591817145 -0.5462666766048332 -0.4984140604780478 0.4640696668448795
 -0.2473098726818498 -0.7342752898994026 0.159871583779109 0.1384090614499256 0.5559603760094238
 -0.7331688246937187 -0.4669517503201495 0.6267792102847238 -0.3828303595627985 0.152634879272378
 0.5330606835150072 0.709893096145479 0.02110603004591827 0.5880259732658712 -0.01166334664356462
 -0.6342378568555843 -0.8258061797127538 0.7460944769644063 0.3923547052442647 0.3034589217788726
 0.7851126982362147 -0.00676804334527761 0.2450616497755687 -0.5590161769451502 0.5211385150554868
 -0.03296272162776384 -0.1757163373010152 -0.5576870349311016 -0.7237437996297549 0.3450941326042066
 0.3896116315104062 -0.04450331384034346 0.03324756709836959 0.6556992337920691 -0.1209004886910936
 -0.1218757656229843 -0.3007271393372913 0.03217486040069695 0.01332145492818647 -0.587892642493022
 0.6285104187709001 0.5637608839482738 0.6163975811051704 -0.3931738935074808 0.5001387487266841
 -0.5545772032109682 0.814211738885973 0.6689397966061319 0.6451114789148082 -0.4534318224544255
 0.5031926727298971 -0.05804023751663896 0.305102163756082 -0.03839497069550568 0.4146948536790812
 -0.7009007902434643 0.168344679856833 0.5053086169202886 0.2682727305721233 0.4794531132631241
 -0.4850568733039859 0.4699032160553551 0.6203938002158227 -0.8009687097352154 -0.08898394573579962
 -0.2468455093701956 0.0008616550470712814 0.04885015795889656 -0.5244741186144785 0.2509320170533318
 -0.397975250088087 -0.192501225852735 -0.6348865296377849 0.7498774081657015 -0.8390868397346735
 -0.6838041763491891 0.6350108928029379 -0.437312867574064 -0.2577838818656412 -0.1958509955547272
 -0.1827886364087465 -0.6225804371778306 -0.61284291396607 -0.6376013248194282 0.3855758226787981
 0.05096467720512883 -0.3857507455462603 0.1938603445065207 0.2852723961392899 -0.1896146194434048
 -0.2047308077147221 -0.1093086115889667 0.161274072019208 0.6706096581673262 -0.08243326270064913
 0.262755472928847 0.05972666467649434 0.654614809238306 0.09455659784640473 -0.6921984888123528
 0.7174240094816914 0.4820902642382356 0.7312727542691744 0.08884035219278716 0.4221037456341438
 -0.3660918629537429 -0.7755219446446522 -0.009073704443251581 0.72736273408307 -0.4826602827554652
 -0.2254331397967204 0.8185726729358174 -0.4727282684650123 0.5536509296552555 -0.4797452555285585
 -0.8352599047175858 0.5183726919995293 -0.320446039181947 0.05897548807435177 -0.394668598743229
 -0.6581845608577847 0.03409043862911276 0.02624260174229604 0.4389932359070393 -0.3573714833652084
 -0.3941722862288616 0.03916654490926207 0.5789386786847889 -0.5862761944634228 0.7786040271731154
 0.1133431879759519 0.5103215512593179 -0.1591939608103487 -0.2981908668284717 -0.0717465752102423
 0.7863925488306354 0.1277897287958182 0.5727640771337569 -0.09130095859404846 -0.4179737996580838
 0.3200908361515674 0.2315391880054709 -0.8013847913099024 -0.3310351094745054 -0.09222104487068367
 -0.09789668966088126 -0.4011734260962316 0.4398447546648532 -0.06585573363774061 -0.05097074624577306
 -0.4401468418030476 -0.5494045117423008 -0.6784112803182587 0.6389558952745429 -0.1568927412326164
 0.6340733458472846 0.5066161380912487 -0.2440310917295824 0.8260528338199203 0.7654690105455454
 -0.07464876467453349 -0.1469646992597058 0.3838865601856645 -0.7012664990831701 0.150415527000148
 -0.06211118672858761 0.7645926551238132 0.2432713706796088 -0.057511038366352 -0.8282614914172242
 0.3341986521644905 0.4309016551248683 0.1964232912975027 0.6157699766957329 -0.1866726607361074
 -0.6709934510115095 0.112207972453745 0.2850481299602019 0.3806781506007247 -0.04375749516403268
 0.8246416479144002 -0.5569020874902257 0.05353344409798795 0.03065767887841686 -0.1600849313291921
 -0.3880222573236328 0.3552285268588427 -0.3899292005397955 0.5594070057279578 -0.04975298111758034
 -0.3197747671833823 -0.7433396494148302 -0.8202246018698063 0.4719112919674609 -0.7492686296409595
 0.4780178133507742 -0.7270920639867443 0.2295528583555426 0.462297456422203 -0.3812793180510625
 0.4278217186950452 -0.6981442984480514 -0.5907094767556467 0.5943133266278996 0.6915117486336273
 0.4339537127185386 0.2642193521510134 0.2983476164114309 -0.5254776135408168 -0.439729231566924
 -0.3959567699340544 -0.4297887183194693 -0.3596142598268802 0.8012061070509506 -0.6583237459857934
 -0.35921894735731 -0.5899916019146774 -0.5093430795447828 -0.6515948348000552 -0.7640324783653579
 0.554239237904256 -0.1011747206888781 0.5126491581678311 0.7962792375530806 -0.6506784054288007
 -0.4618995668073795 0.01321994055704901 0.7115187556246356 -0.5804201460639645 0.2742771594199879



# name: <cell-element>
# type: matrix
# rows: 5
# columns: 5
 0.3673248832242309 0.5627676703256683 0.8022812143390999 -0.6087536431055686 0.08247551841187815
 0.8657666770059973 0.3228123529259534 -0.01162508714985677 0.1629560544202978 0.510039607503324
 0.5329352516716352 -0.08048800670280236 -0.4283127717554567 0.5394274646107761 -0.5727600772291372
 -0.4559660233340268 -0.6831108415989097 -0.08343250719327636 0.748756071021595 0.5537459508526794
 0.3599344467152582 -0.5201238270179179 -0.7217175869060996 0.585161094716608 -0.5058092659636955



# name: <cell-element>
# type: matrix
# rows: 5
# columns: 1
 -1.163244907863045
 -0.1048190817532501
 -0.65350386193127
 -0.5819707069776346
 -0.9063003318689671





