# Created by Octave 4.2.2, Mon Jul 16 14:46:07 2018 GMT <unknown@unknown>
# name: bestWTrainGlobal
# type: cell
# rows: 1
# columns: 3
# name: <cell-element>
# type: matrix
# rows: 62
# columns: 30
 -0.5004665277025553 -0.1867826207073216 -0.06562001747613792 -0.5940597099019658 0.6679401442313349 -0.1782240727965816 -0.07690675062943345 0.3512205685861639 -0.1634884432798732 0.2716501619470033 0.5436250290205421 -0.4642129573668662 -0.3820709785394282 0.07460305507159742 0.6765717925543492 -0.6134507317308024 -0.6904500268763619 0.4418323450041734 0.6938253668691566 0.724199699758052 0.2303614651053583 0.4039563042166023 -0.7261992882240765 0.2923355105735578 0.1397922521432059 -0.1469305174742683 0.2397682130969829 0.1147653126999238 0.4950700591920379 0.1175180946591989
 -0.2031279244164787 0.3041332007053844 0.51122308395698 -0.09491160746845111 0.4849381489585993 0.3859278077244522 -0.08263555627658258 0.2652084288627594 -0.7085678174364547 0.2721759613657117 -0.168586714455209 0.3308603982996557 -0.3937937680086626 0.3537675031036399 -0.216244754282104 -0.7206319596472485 -0.09526860618862611 0.4682923314683836 0.4974373784707469 -0.5301185095769484 0.7291722062531834 0.0765538425588195 0.1782026616580664 0.1120006205018291 0.06456502128664338 -0.681545755291969 -0.4671592288449333 0.2107338620877847 0.4395919169466529 -0.1339908277431638
 -0.1254869441645935 0.6898340753487598 0.03131995198103037 -0.2894429069913332 0.01039401474180575 0.2850581197680859 -0.271379022620421 -0.04839471508799123 0.3031120768919417 -0.6231351435771985 -0.2977582239606993 -0.2280929659866659 0.713929125351411 0.5408811217868528 0.4297088773562097 -0.7340014952788781 0.6696877082190578 0.2099593903897097 -0.4637293849469049 -0.2580826454492557 -0.603222427399292 0.3396441921319261 0.3784102422600144 -0.2501729447380193 0.4093401938203493 0.6301185946686441 0.715777650793307 -0.5119971623202854 0.3966401934796916 -0.7087343016259193
 -0.2573357165665603 -0.159123558937625 0.5769242136481501 0.2546947244428363 -0.4572792141837178 -0.1533963930013284 -0.3234081200860056 0.6705323222673052 0.02306009616744607 -0.2144080270906572 0.6908574722263576 -0.6532945542891693 -0.230177286183543 -0.5519901778721173 -0.3572080110516741 -0.3027771779064541 0.02281773510920381 0.5782469308872766 0.7440553374367168 0.5225125462494755 0.2132642197325217 -0.3125928367779133 0.2569127036341263 -0.3569799689379154 0.4887675330734014 0.3326922231478652 0.1735198128127186 0.04218765103764296 -0.6203390019228925 0.4989930855231303
 -0.3450078727206091 -0.2012869284150972 0.2651359683913794 0.6604146479268178 -0.6142297905350739 0.1933159757004105 0.4226665092503031 0.6638505808094529 0.7283721265956313 0.2972058248917056 -0.02501972187179096 0.5147761664622315 0.724173556203678 0.5952684936300068 -0.5533371339381565 -0.2346720933835589 0.009743655219454528 0.4010548780177744 0.06761646978008976 -0.5289106819675471 0.4334759408711704 0.1694287347342774 0.4093654912560148 -0.219685857524733 0.6735744967927217 -0.7186986835277088 0.1073931804836876 -0.1389674542446618 -0.4966819121103352 -0.03285964441087094
 0.6847547515847531 -0.4573124352681845 -0.6956341498148169 -0.4724041037055739 0.1550847066290523 0.4741843761325208 -0.716468086694348 -0.6544200817053776 -0.6351149321542017 -0.05232969558886633 0.4075008241909338 -0.2137943103924239 0.4643053583006096 0.7103110359746658 0.689104017302931 0.07826626409384768 -0.4581959043540706 0.0885910581753563 -0.06355227131831773 -0.1327417113312587 0.6154017888527878 -0.739587964314555 0.03887961542639166 -0.6854373913982457 0.2386729044797894 0.4968543880251756 -0.7217057146744442 0.2546959623525777 -0.3838737650507023 -0.3745973867572566
 -0.330279459749054 0.4673450016349004 0.629940171337392 0.5978420879436258 -0.4418164009850664 -0.2991241546342867 0.002927806366549276 0.7563179963883544 -0.483461266729425 -0.1675899934603056 -0.5088303691369922 -0.1648871250414842 -0.5112061190290108 0.2737801993857851 -0.5356064145838945 0.7313835834370576 0.7390173011846805 -0.737050712268473 -0.2147825348225908 0.5108318796463575 0.4452092899392171 0.1283949170407025 -0.1264726561643504 -0.4548270672425606 -0.5094306424315717 0.2202112218074348 0.6214858217156712 0.7061833095200971 0.6744487799401714 0.01152425590874738
 -0.2190119521211908 -0.6590172995408455 -0.7111528416404971 0.1825345482375847 -0.2641543737929629 0.6098366242204373 0.3749623995606072 0.2940348882815702 0.6777490803086322 -0.7542170169852437 -0.002902863712233452 0.1594500225752708 -0.6803825108237412 0.2442754185244456 0.1641664144097347 0.5196060510652274 0.4005338204620558 0.3258115984101569 0.1464980098856502 0.08283502080312126 0.2310487868141326 0.2588749370185492 -0.3023564216057832 0.2659315977546265 0.2980254324209658 0.1569591519807561 0.1016013260972207 -0.5830019349200681 -0.2266826288278655 0.1159575934929145
 0.2199128500500558 -0.2361156058837107 0.3720043579985107 0.2127882392031483 -0.5645409381602623 -0.4850849073342418 0.1588179121121492 -0.0580204972550413 -0.3477876681798249 -0.1160905692852688 0.1784206015274399 -0.516515646155986 -0.4695529088276022 0.5079113079084502 -0.08804026163026683 -0.1891864297678089 0.4333122693294088 -0.4526784462213775 -0.132348714343762 -0.4861493484385261 -0.3569268669221436 -0.3410002860125417 0.6841069060758542 0.4316488152063265 -0.2534092331890036 -0.3364906072860152 -0.1030873334392804 -0.7401299593347742 0.4592959847561598 -0.2697751251019915
 -0.4497522012505643 -0.5603936132532438 -0.07942938544563687 -0.5371588395402127 -0.1144614747158908 -0.4154136778119603 -0.2846765528303203 0.3057496141223053 -0.4037542165166935 0.1736107498676317 0.08139846381327319 -0.7535361986410141 0.6131396654759292 0.4732657877247389 -0.1055168808661724 0.215485867645688 0.2274293218712979 0.1661565496970014 0.717995493648076 0.3173389708878496 0.5140980070818812 0.6796326845743106 0.4723414044430479 0.3106481692195874 -0.4149001290091731 0.4525273509046651 0.4592060074720353 -0.3758304493290762 -0.09757598019005266 0.7401456003559668
 0.7063145404882925 -0.3221099562881972 -0.1688182667976131 -0.02428797567757933 -0.3846913840837072 -0.5577694037052184 0.3851434696881698 -0.06471003059413707 -0.4600182276158755 -0.01504897551588151 0.5974998174216946 -0.08557036406420207 0.6306737981158208 -0.3556180903755286 -0.07258541068448583 0.0169359844857527 -0.1444930373690172 0.3672336745291916 0.2234162151254663 0.691663731290024 0.02462156137300458 0.1146492144433161 -0.442102963775687 0.3742198639062151 0.04359310951632531 0.7350494258979478 0.477032288987506 0.6176787734329366 -0.5767259060309139 0.2535430238656818
 0.4574729733424048 0.2533487123862575 -0.4386208510959764 -0.455940799358057 0.414779584016757 -0.6341889504215033 -0.5335029401369622 0.5125087006190394 0.02192204643657204 -0.7505227450890232 0.2778827306205463 0.5232180258304836 -0.3103758724708379 -0.7434180733150658 -0.02074974286848259 0.1943828909945169 0.3782989148467473 0.4458583694358331 0.4277686575162495 -0.1384886243426205 0.4503388931043643 -0.4273779686732657 -0.3773963556214851 -0.6996061133540123 -0.556761570975228 -0.60209938649381 0.5221224790142442 0.2405352852033745 0.3135346836342094 0.113701503197575
 0.6563253886915645 -0.4700677425173043 0.318445995800672 0.4788281678404154 -0.2413958183573997 0.3318298587491061 -0.3821686908597445 -0.3844847332625307 0.7039696079890275 -0.75949577191928 0.3449715917120367 -0.5331161978127925 0.3477407732214298 -0.09661767035029217 0.3087685942546592 0.6490344813149698 -0.6211351669810894 -0.08988416656205866 0.602625338510927 0.6665568446767455 -0.06321897523751595 0.4635595538158931 -0.7081212316784716 0.07300370757811865 -0.1387391035624075 0.145834802679931 0.7151880108981153 -0.3064399768678402 -0.6010152911952336 -0.4549612408666242
