# Created by Octave 4.2.2, Tue Jul 17 14:05:41 2018 -04 <francisco@francisco-X555LB>
# name: topologia
# type: matrix
# rows: 1
# columns: 2
 30 30


