# Created by Octave 4.2.2, Mon Jul 16 14:46:18 2018 GMT <unknown@unknown>
# name: bestWTrainGlobal
# type: cell
# rows: 1
# columns: 3
# name: <cell-element>
# type: matrix
# rows: 62
# columns: 30
 -0.03409992173803122 -0.1309474277667561 -0.3018123309899946 -0.4958827267616872 -0.4864549330592271 0.4098348647480629 -0.614457674201404 0.1756081885970879 -0.04862576179475015 0.5741877571802497 -0.4062381862432992 0.6409944048564098 -0.6576095756223925 0.370348762865075 -0.4973576525804045 0.4319547108727069 -0.2021262797095857 -0.09913559377152152 0.3199931893692853 0.3318289906127603 0.6942057534940069 0.3639320819365626 0.7454699006520853 -0.04431704363835913 -0.6434510956595578 0.2193605521238275 -0.6615967278502773 -0.3302355736299673 0.3184431191894946 -0.03298099696413399
 -0.5873138884441853 -0.4579488819094534 0.4770983192896561 -0.7508499989444271 0.0781235282392438 -0.5749150474916039 -0.5813642250985525 0.6729311742872253 0.08886820718430727 0.1678044125677083 -0.5432742134952969 0.6771040780894383 0.2326716400840267 -0.3308178663789068 0.5939475866950199 -0.4467863512100318 0.6518557690476723 0.4546243242761916 -0.5218301361964029 0.152137822282659 -0.188021291302208 0.3146515091388759 -0.1758331516963274 -0.2619355793578088 0.5328510103970684 0.1361243227327588 0.02009589305553783 0.2021470267735622 -0.6134802254902928 -0.7017226385618567
 0.3204671881906997 0.1227850444935778 -0.3059943673805379 -0.1348131855104774 -0.6769769709545416 -0.05053395910313086 -0.1127511683735841 -0.7438266460807412 0.6684707584852186 -0.7083116719513798 0.4956464932660722 0.2023274970612314 -0.5418269551081977 0.5193743762474899 -0.5396747017514797 0.2423931342627838 0.6810387038136447 -0.2535689153006564 -0.6679483030342971 0.5992779983284359 -0.04786501197029034 0.7161683831219677 0.1100840243633043 0.4261311620807965 0.6232287063275794 -0.28308678049471 -0.4185857570247595 0.1529277773726793 -0.4303204381318864 0.2647385198909978
 -0.3542599323402572 -0.5334966636056979 -0.4606475399957899 0.0001001622098162455 0.5813776802360274 0.3853861143486598 0.2747429587695613 -0.7344543762014591 0.421361246003649 0.4936512558173204 0.4421133364008838 0.2150471982132057 -0.2998697488496493 -0.5089038039843576 -0.06219563252905624 -0.1536133403397825 -0.4122340730210441 -0.0282680745000492 -0.1217103742999436 -0.6713964414898523 -0.7409259962691476 -0.0538269407870934 -0.3725276050550345 -0.004644843356337885 0.5035299680032395 0.6249525538340911 -0.3829918214804064 0.308609318381961 0.3254374577840544 0.6774943860609196
 -0.5545011484104202 0.3261485596039504 -0.357643139281852 -0.5374288688209424 0.3217893058856059 0.4362373056214791 0.6147867301522951 0.1898113911199434 0.06588968671639311 0.3277986228999252 -0.02633363875751695 0.09295577294033744 -0.2190933332777534 -0.7397659663496484 0.4187801561658717 -0.3737640190321719 0.09098575008016653 0.7284804572785815 -0.2565869236548182 0.3854738717325466 0.3522738788101761 0.4129202603293522 -0.1832022004886729 0.2409677384066513 -0.4109757189805589 -0.626366527597879 0.2801876888267115 -0.5540085015720315 0.1912359301091489 -0.07304363367468554
 0.4206000642192203 -0.6667007453064209 -0.3885140091546354 0.426156031271457 -0.1160848243624236 0.4074155909213613 -0.7196014960517979 0.7309207565087477 -0.2296050339417343 0.2147151126125001 -0.2470723324224297 -0.3770961491959279 0.6922611485919242 -0.371713474395757 0.2979358943197817 -0.6795458157934493 -0.3093178656228401 -0.4900491701384992 -0.2557828163617197 0.2234491782069581 0.6727094928084115 -0.529095287214327 -0.5996225182703188 0.07968328115277946 -0.426760346869997 0.7369165990845958 0.7055855432773493 -0.3530970658546903 -0.4322829569907424 -0.1135633402930281
 0.3203593686090023 0.1393953473191822 -0.2131222518386482 0.1716897330506039 -0.2813877521855518 -0.5896677309694838 -0.2288374159440991 -0.6956521660558191 -0.5528369958832896 -0.6287345584163142 -0.6606804049289134 -0.261474078483902 0.2815710810165267 0.006453605689747584 0.6239047796398575 -0.03574530835766161 0.4366510399754737 0.128076145405957 0.1329836171415298 -0.1349650988585299 -0.1054658594372869 -0.08067182458779325 -0.04889728779352794 -0.1253977730991609 0.6461433704081488 -0.1881182070555089 -0.3818413764942212 0.01058471984977183 -0.05553846289204425 -0.2813733266161352
 0.4711854874697338 -0.4302262111079235 -0.685610048767119 0.4731593562288365 -0.3302935589234712 0.1334238914234487 0.2371659314627916 0.4939567463834126 0.3168445512439637 -0.4075014424712404 -0.7077981456479345 -0.05886008274410195 0.3158750155429627 0.6391687327541778 0.2874393982112479 -0.5848262590882967 0.2597936957281469 -0.4498545950345014 0.593860896067076 0.2371926574974427 -0.4565234047700382 0.6876203261469419 -0.0176961374714306 0.4871113610476663 0.343131093118775 -0.2087961692839531 -0.1490005370891573 0.6789250116301798 -0.2565875026358072 -0.3330440029574859
 0.125861303292416 -0.5024053084082764 0.3905497809968169 0.7249485471838255 0.2667830588630472 -0.4180941554601675 0.4975488851126457 0.0946473980646175 -0.1025830866324023 0.4785916162043039 -0.08350385313897406 -0.5446148961628003 0.1656952674213786 0.4952023194664168 0.6992934741009893 -0.3407485258441335 -0.3074607766675059 -0.1259477844555422 -0.2017800058385108 -0.05779548446040262 0.06272958337372397 0.4655367757003213 -0.6256052049129895 -0.5316289232230608 -0.6106193694352656 0.2513583562778882 -0.2269483269188952 0.02663726406237383 0.4712350518176929 0.6392774863682722
 -0.2567908393914529 -0.1883680351719759 -0.6324158857756957 0.5826504561425844 -0.3183120986424681 0.7061331409066828 0.3338647195515761 -0.1246158194761304 -0.3632055609625335 0.2252554937345359 -0.1385762978420581 0.396579249653379 -0.3651420306385766 -0.1201849362353674 0.2276168780642354 -0.6333579799889472 -0.4451716918810261 0.2859461999847946 0.4374283459755396 -0.05736348813272427 -0.1340691114679311 -0.4310440053691436 0.3034732784768122 -0.2736822349354097 -0.6139238289060291 -0.6087317113775901 0.7283099676574782 0.02613747118546282 -0.3984338992964054 0.1187175745575537
 0.5273067904396921 0.6570922043585707 0.6360843891264835 0.711829070397572 -0.003337790935748232 0.6631972639873477 -0.732440584906812 -0.1392124515311509 0.1927357044714028 0.08720507156749475 0.2015465085737808 0.125990497148167 0.1265462616239119 0.6852006674183629 0.464597707231893 0.02280941592261242 -0.5080492596361857 -0.09705746809409495 -0.7488174162039167 0.5333976620238058 0.6401365146832843 -0.3367926960392915 0.2028142458338573 0.1118553536195162 0.309339319267132 0.2118744699654033 0.5082157699393691 -0.5372880182319105 -0.4746860378368597 -0.0301729331659026
 0.6747647224529933 0.3874457192713476 0.6976680071742045 -0.4589695696987274 -0.50994033481693 0.5570387948415989 -0.1010975731003948 -0.7446546260224615 0.1962578047120542 0.3750564149458115 0.6487834067016875 0.6274920843970555 -0.1700099300818587 -0.06280610525166656 -0.1595391266227939 -0.3333198738392786 -0.2829588428429207 0.3002399999450828 -0.1495807860955081 -0.5331260179724144 0.06147154247154858 -0.5894006197924002 0.007150104841510624 0.3352072516694087 0.6796203799947661 0.4425582306260407 -0.6757808449286808 -0.5444662770720631 -0.2010158152174697 0.5421485669456368
 0.01820100476995071 0.2817961731061925 0.2056029665676867 -0.7443219748034458 -0.3821212476276571 -0.4235907742555738 0.1363083902168181 -0.6428358627297525 -0.2369138304268992 0.7377619470389524 0.1792318787413749 0.451911715702507 -0.1095151099238563 0.1964889827479934 -0.1825358881784136 -0.2114315471105502 -0.422316895975037 -0.06850519894227204 0.4067838143582272 0.331536431958136 0.5993543491054608 0.6744830967291605 0.5737883568982534 0.3472527880120474 0.7493383294671944 -0.5465228541279999 -0.1941923814841339 0.5252463253457054 0.724426334951788 0.6677751391510249
