# Created by Octave 4.2.2, Tue Jul 17 14:05:41 2018 -04 <francisco@francisco-X555LB>
# name: bestWTrainGlobal
# type: cell
# rows: 1
# columns: 3
# name: <cell-element>
# type: matrix
# rows: 64
# columns: 30
 0.1014842429728842 -0.1565287124021945 0.08768417980924924 0.6311512948080912 -0.04387534659225252 0.2336399078714781 0.600586512146919 0.714908453372689 -0.1858190294767045 -0.3409903048062209 -0.3912512534406385 0.162025519623697 0.4008441367238063 0.2650686377811473 -0.5561037641509752 0.07971937219144175 -0.5406973935289853 0.7387856874688178 -0.4487591406656418 0.5140108904487404 0.1462095463540971 -0.1652944596244592 -0.5180346499409882 0.4157853953328635 -0.2192596969551398 0.05238010640964191 -0.3883946488602279 0.1132809939569083 0.08784594031793601 0.678446184729893
 0.09683604802150426 0.5425501843984067 0.05198710455882966 0.1511049757168408 0.464025805028934 -0.2694110784407324 0.2150086545856971 -0.1357955043131031 -0.2281915607623681 -0.5885753961702971 0.1663504761076676 0.4790720359110481 -0.35773756604563 -0.4704527203435104 -0.5445802132453221 0.3770251152844136 0.3342171099431019 -0.08962411057862173 -0.3064106115313256 0.5408853834668766 -0.3721832963545945 -0.4190349980546089 0.5557026136575173 -0.1142010279050982 -0.7431405499317904 0.4901805685015717 0.322403979474611 0.4390681238565696 -0.4784169948506026 0.4400038177100653
 -0.516928163685849 -0.6349374334399074 -0.02266111526556275 -0.6381792182560579 0.4052293791876644 -0.493776925010549 -0.6874469805475965 0.5673049976463975 -0.5662538057103783 0.3072884519150979 -0.6615977684504609 0.5860676906655186 -0.673325931202429 -0.7324809206875988 -0.1579513146854153 0.7091449085559405 0.4595931999350719 -0.52171508814583 0.06250772090280969 0.6103351201627767 0.2248036124320739 -0.1107157565094138 0.3399046482503514 0.3476981242251851 0.1608199018339627 -0.1238736095662192 -0.5800119192627827 -0.4311352789194399 0.0597955160557652 0.1062133217119436
 -0.05648405225542239 0.1079988072036199 -0.1003900325385508 -0.5919387369289968 0.6127855797652951 -0.4393099872859352 0.6407928310386278 0.7389029466745394 -0.05456616985867848 -0.5414752400834691 0.1643337275591124 0.5856723913687863 -0.3650013960560483 0.3141849176032088 0.2943291207856303 0.4277134159428063 0.07344887665349416 -0.2652273764497721 0.2069096710985238 0.05716672546447626 -0.1257122395470105 -0.3477997209189909 0.6023429576788848 0.6868829761233194 0.4169206485567668 -0.5653519495334233 0.3609590072487454 -0.3592397851237759 0.4243613885121396 -0.5469135841011413
 0.0438942876516328 0.5201348409734858 -0.3816299818702081 -0.74067516992958 -0.3201403433866017 -0.2810481912011553 -0.2620596497006585 0.6667467181733381 -0.495081682856912 0.4196973374345079 0.3644168750887469 0.1927823733791471 0.6098709318133165 -0.2554465917601284 0.3758151209306039 -0.245258456200653 0.5491084412697355 -0.5659444006433254 -0.08864580807104565 -0.08768518177106392 -0.2363926720197317 0.7383547387141467 -0.2104127231639832 -0.03629772161191053 0.4098986101975896 -0.3540151324835595 0.3148676565176041 0.5802550855725627 0.2336457811646876 0.0188599187297658
 -0.3046995680379804 0.2625205485458643 0.4428507163959215 -0.3086064578744833 -0.3087733111853611 -0.6479366736766305 -0.126217057451379 -0.4847149573518629 0.5134744208893263 0.5143357939640406 -0.7139678147020587 0.04307871072731237 -0.04568786875469999 -0.6519499698480483 0.2886432596083112 -0.3432043395171658 -0.1521227712022001 0.06946325792139069 -0.5971338104794039 0.3944769414043329 -0.6036251923703316 0.4884795114191007 0.59799569020526 0.4981907744236938 -0.1537416034403212 0.6419917211964224 0.7002947352174542 -0.05573099082036397 0.6209626355098624 -0.3612287244372652
 0.7324383442858518 0.4328994295945021 0.5279583214695385 -0.6603922140641809 0.4306390603751171 -0.506794113076343 -0.5176239728252257 -0.5878541881284298 -0.1465237675992428 -0.1358986938741764 0.6817240015030754 0.2862920329853955 0.5545366930918266 -0.4852163508063734 -0.2455942075894076 -0.6236431899625907 -0.1727480923703155 -0.6285037120557579 -0.4963852520610227 0.30688917164865 -0.3466773883907214 -0.07388950970344497 -0.2982227370548273 -0.2064136270373968 -0.2492506438710532 0.1962860974070124 0.5304535809194804 -0.4320173456189662 -0.5750770365648519 0.07548775278584632
 -0.004504727457281074 0.5921088204133337 -0.3469355169481416 -0.50634609527406 -0.07038803497664498 -0.01030994265114223 -0.01108609055016183 0.7302699894145318 0.5971978837220768 -0.4492952213911174 0.2995333747507834 -0.5495588101569145 0.2523675475022412 -0.4113289652199893 -0.09169766450701054 0.07374741068532994 -0.02260465109568911 -0.4716353165019369 -0.1791372123279558 0.6365083403038776 -0.6335640558383762 0.3383790170610857 -0.5013049029735259 0.3468693175806622 -0.4138015537757963 -0.7273500765838716 0.4301545252910036 0.4387224774647285 0.6125100836196268 -0.2352955579463155
 -0.5796210811923571 0.2680006036019366 -0.4059436794092475 0.7278689867513534 0.1614780613453628 -0.1988147047025101 0.1111589460027109 -0.2096216071269633 -0.06044522567338963 -0.3459748837426909 0.2572924966712815 -0.3063805431029773 0.3706926987429573 -0.3007923332612785 0.1402379808294579 0.359915567416992 0.5748736603768789 -0.5315409572854271 -0.1673745962721221 0.312903206224943 0.2495509601909844 -0.04717843183492424 -0.4890073058542455 -0.2463072179644974 0.2099019011867696 -0.04772965711377154 0.2290271733091795 0.4608751521511355 0.5340119139203543 -0.5272820871093551
 -0.1912009672470535 0.3573827785825423 0.3698321144783168 -0.02882712756525475 0.7331576959611157 -0.5701947785443153 0.3388494007298867 -0.5160000355283163 0.3642216434911451 0.3662232124969065 0.6563373328379297 -0.5168372848736577 -0.3698890355643382 -0.02421865592670345 -0.3400340290548585 0.3928667632153436 0.4067866211549889 0.5332490796489887 -0.5232939055450438 0.3119171530772307 -0.1895361819889956 0.1878318633396359 0.5455962508697875 -0.6671216102290609 0.5331715939102456 0.6398534232919038 -0.1561867464877226 0.04349396783463223 0.09250481623759811 -0.5422167627523033
 0.4933358829540838 -0.4693259348937814 0.3720249433377714 -0.1173825982533413 -0.6011632827926343 0.4510296975447873 0.0208391822070597 0.4790557911089282 0.2756910427443681 0.1556129220366487 -0.741524047781342 -0.1246523591796838 0.7017337535079217 -0.6846353179188595 0.6044984076100259 0.3678055602044874 -0.4998733400634089 0.06976226007373137 0.6597852354876848 -0.626732243485555 0.3437843667012609 0.5638032706008173 -0.6290803200730286 -0.4319001990376582 0.6488184138885803 0.4379711023234582 -0.04462152541082391 0.562505154844309 -0.5110259330631646 -0.7017101534431484
 -0.01087156007059093 -0.283241322336631 -0.3904950773148123 -0.4556935897595192 0.3514992671978673 0.6875986856086871 0.02309063500645414 -0.6639570998153665 -0.6092239307847106 0.5823287928416401 0.3161892111916331 0.7254093743265473 0.3587755651578834 0.06711871008016786 -0.4640947944695351 0.4046675165174481 -0.5686247831851675 -0.5309746358267675 -0.314076658021094 -0.1520009076075435 0.7414914437443413 0.1417422261299006 -0.4289296602749093 -0.2112751200099877 0.3136906914957556 -0.479754343170087 0.4853315104437772 0.6804687933557276 0.6488551562334161 0.413292213725502
 -0.3082857288474767 0.1801291568179293 0.07071503208822855 0.01607486490408308 0.5893927145853441 0.1754854197276458 -0.04931810810043875 -0.2532817719597436 -0.3691558333300702 0.2268402945688757 0.4422238779919919 0.6414297910432479 -0.4403043404942014 -0.6016790511533248 -0.28662883391682 -0.1097887766403462 0.3927634168291071 0.4371610926565863 0.7235448078773318 0.4119880213337328 -0.3500611241866158 0.08067406727922739 -0.3658943348265095 0.447229678872362 0.316842991135792 0.02906473671953245 0.1668833624392294 -0.6488718982112296 0.7251701923635006 -0.5079918129447094
