# Created by Octave 4.2.2, Wed Jul 11 11:36:54 2018 GMT <unknown@unknown>
# name: bestWTrainGlobal
# type: cell
# rows: 1
# columns: 3
# name: <cell-element>
# type: matrix
# rows: 3
# columns: 5
 0.6617228051826847 0.8004390021512586 1.769035257728785 1.882305842012621 -1.329240595341961
 -0.7393255103369952 1.369619981422111 -1.223504647367958 1.413009097006819 0.3142124879101388
 -0.9139211463431361 0.3686599163593192 -2.064980299531936 0.4187756483962261 -1.283867577714887



# name: <cell-element>
# type: matrix
# rows: 5
# columns: 5
 0.9682933270869279 -2.108412993550627 0.5135365897003625 1.302137579275731 -1.711448934952476
 2.044503000239713 -1.597419620089056 1.242380356569697 -0.8175527996425271 0.8003903094271038
 1.764228272306592 -0.004171122386012629 2.223048101713372 0.5002193698065027 -0.2855918583252739
 -0.5009146672899961 -1.239164755999629 0.5241707442311566 -0.7908736610581256 0.8644801433511743
 -0.8268933723390041 -2.238272453497794 -0.2232526084352798 0.5283510304767847 1.719278248163025



# name: <cell-element>
# type: matrix
# rows: 5
# columns: 3
 -1.89999877250918 -0.7155471950234148 -0.8454739665041552
 1.968974270377809 0.0398463816218512 1.115162005595476
 -1.421614137460031 -1.53044731578054 -1.389692475258105
 -1.834396296535584 -0.9295389659547962 0.925599174182055
 -1.444424118613175 -2.290807546237047 0.2570781415611839





