# Created by Octave 4.2.2, Wed Jul 11 10:25:04 2018 GMT <unknown@unknown>
# name: topologia
# type: matrix
# rows: 1
# columns: 2
 5 5


