# Created by Octave 4.2.2, Wed Jul 11 17:59:33 2018 -04 <francisco@francisco-X555LB>
# name: bestWTrainGlobal
# type: cell
# rows: 1
# columns: 3
# name: <cell-element>
# type: matrix
# rows: 30
# columns: 30
 0.08052408407078682 -1.075691703184421 -1.037900326634152 0.2746830376273169 -0.1239957336281665 0.5390828364424149 0.5674865425541831 0.007901680894204163 -0.5840875353116157 0.128692848790854 0.4593530298891221 1.056806719736689 1.005719379771407 -0.5190987576631276 -0.8772613471457308 0.1118756814466807 0.06462676009537696 0.8340919527378825 -0.5520151150960678 0.8008293076620211 -0.5329330714221855 -0.04654025371317647 0.2778948096641802 0.09133440444255592 -0.884852202111018 0.2480673922673736 -0.2978667608838498 -0.7935675747389328 -0.5974443303705491 -0.3460092768825436
 -0.1839494945058386 -0.427354485861382 0.2253648693576847 -0.5375586323482878 -0.573090825326516 0.2190535680520913 -1.02875202613248 -0.4167696150884914 -0.3176677333743658 0.2938979955336528 -0.2861509536058392 0.03245710272548492 -0.1007882930091355 -0.458582715087288 0.789597753620091 -0.6826536805969902 1.000369253035154 0.8404590832387202 -0.6465980357657169 0.1171463327185438 -0.01456490105614893 0.1086148074433245 0.1069590056773048 0.8898378885221189 0.6243336161635149 0.9287508097104457 0.5587162872981339 0.3569176710027039 -0.7184264138910744 0.01417510663560968
 0.140831839374852 -0.8542285234998018 -1.032445360148318 -0.09509524999150003 -0.8431490812188475 0.01975052300187632 -0.6014036151013474 0.2998884746293615 -0.4268960071649396 -0.194170189840517 -0.1812197165007094 -0.7638249926729749 -0.09983283364294535 -0.6810918256284842 0.02123815762473826 0.04431061042555769 -0.2703227648875881 0.3574911077502939 -1.020924870891628 0.3986362856888104 0.7255778052172481 0.6047780639746266 0.05554494015716955 1.009935234327419 -1.054165042583437 0.8514083113235561 0.6500079490330314 0.1305442514019933 -0.02810511565613329 0.7645541255767063
 -0.6035493245119475 -1.045074633319869 -0.5592520923832874 -0.0743031627863187 0.720148806645466 0.709781139753943 -0.4131618902225959 0.4287764149184104 -0.05697050304632234 0.9009442197293972 0.5172761387481657 -0.1827413478406754 1.01954507720037 -0.2852695304279138 0.8121901041256659 -0.7281589977075662 -0.9736821888574977 -0.9026545061939103 -0.1997596145304153 -0.950190375153715 0.1296784077438348 -1.062763777612082 -0.1620473423091248 -0.7526685613764467 0.3945493805608494 0.8796037091824273 0.02190445547633381 -0.2749086793221719 0.7562483426567249 0.8277050306857132
 0.2322328114548417 0.8381104242033404 0.4832885395271879 0.7542419797993041 0.3638695289218407 -0.4406068428141062 0.3952796788605369 0.9131025259589494 0.9816677525619991 -0.7290743802332394 0.3355654371966681 0.2769570165123896 -0.1432213458285224 -0.2089947044738983 -0.9965919809023959 -0.5984416617921365 -0.4079307027397864 -0.7704970213183029 0.01340813016289491 -0.1041261861105936 0.2675049905403119 0.7624786020791353 -0.183546561776746 -0.1118248019842537 -0.9722290282817494 -0.710042890372236 0.3865725688684076 1.013444039806951 -0.6385060166367199 0.9826798902995207
 0.5803317933745178 -0.6176969739196291 -0.3277154440209423 0.385373369919508 -0.472608428020857 0.6617389603923078 1.066621118230417 0.576199854333689 0.2997913571853097 -0.01110492719499 -0.5091595831129221 -0.3892390418377785 -0.2908418607775902 -0.2037300167695604 -1.043658975001912 -0.2932658665723782 0.4203985905264529 1.062621958913401 0.9556510760109714 -0.3046971226831475 -0.6324474452047774 -0.8737459596982891 -0.8070000639306907 -1.057474607800486 0.8829130442190918 -0.621808201495701 -0.2926199854025639 -0.277991533798333 -0.5866138557178543 -0.83999002155213
 0.699475470217864 0.4509773972614723 -0.5685770587533656 -0.291728216648111 0.3966193370839953 -0.640573242082024 0.9500583487451896 -0.300402351113741 -0.1597714354496058 -0.8672431741338319 0.8281428538044634 -0.388607363013843 -0.7918932871515271 0.7509512559510116 -0.7254852157025903 -0.6994092890413386 0.5121453645454285 -0.568601949135266 -0.5316553856114636 0.3876824894586712 0.7055749828315215 0.1553023083670409 -0.1749662505793874 0.7570561547484029 -0.2063498410952002 0.441605818340273 0.7449636482468815 0.9740127395774316 0.5036407104818125 -0.5823535729256645
 0.932969315236989 -0.9827981483725312 0.1824191984938843 0.541022990373175 -0.7401872424931395 0.5363286975444814 -1.051803657043937 -0.4123498928355694 -0.7595733261408912 0.7835483838352088 -0.03485394459854461 0.6250450379440606 0.1542921817270602 -0.7108423679311821 -0.3361570125970545 1.006353068312715 0.9340602051458501 0.3808463406066753 0.7480466712383868 -0.4163128427607798 0.2421196730122087 -0.6490207994577197 0.8058495990480986 0.4261837433249024 0.4443825235833574 0.5424469287834052 -0.3287796303161261 0.3107435853589921 0.4082208764037261 -0.208232267617731
 -0.8641100954340805 -1.010085930268622 -0.2811829680625212 -0.6180673285619221 0.8597536919366842 -0.7087196455127684 -0.930793273042017 -0.8053505924808161 0.3085319774338424 0.6356249339493667 0.5082450126149011 -0.5074149264473127 -0.1443132216321573 -0.3437675097490759 -0.4388930147253873 0.9502183869294626 0.8228019696809727 0.1163366596392014 -0.3300317766655689 -0.860107021807391 -0.1475880758477242 0.05370322559231479 -0.3212571043466407 0.5174410605195952 -0.5743116966032283 -0.4193510802832423 -0.2330781386871024 -0.9947196755976224 0.7654181654662812 -0.2139938673891476
 0.7950959330816876 -0.9296251362213346 -0.8081695037694079 -0.7733856122398587 0.9739438074178898 0.8695477026072009 0.821213182214847 -1.020799328947179 -0.1360895514032137 0.4039164715503155 0.5210766978982178 -0.707410900413288 -0.9106255103122735 0.4710955247849824 -0.6718188544078918 -0.6323639474144812 -0.225690999679339 -0.6745748668762291 0.5492376849764651 -0.2647103118920196 -0.9271014765856649 -0.2921493851161485 -0.8642955399212625 -0.2744493831252496 0.3617875057277689 -1.031317770555547 -0.4280007596134611 0.4915359412153755 -0.8310187532832283 0.6210475952723146
 0.04027025049561302 -0.211018605496555 -0.1030897754670717 -0.1473127248939982 1.0315354080502 -1.009261812606429 -0.8392697640910813 0.5659252209760207 0.5902204365938457 0.5719773713938138 0.1153270532319418 0.9605030811000586 0.8332046592945348 0.002617365011489643 0.2056058644259308 -0.1755488502535182 0.08274853851899822 0.4352554816567867 -0.1527702512739804 0.7000321767459273 -0.7360910657558898 0.4941336847867422 -0.08707425288151752 0.2897283422355795 0.1175386156274426 0.2536990611015174 0.783665825016675 -0.3356082557344627 -0.8965120000322053 -0.2246719640546544
 -1.027961574592365 0.07149741476538733 1.066605864123762 0.1723032813903854 -0.5307806119919687 0.4249891156618801 0.9099389253850195 0.6431912492670296 -1.047001598736478 -0.291772090003092 -0.4691352071054524 -0.4786437129950155 -0.7361526700154656 -1.016815151919445 -0.7639624362830968 0.7046950856108883 0.3975919196615588 -0.1612149174650302 0.1155933081752641 0.2850522873455483 -0.567042685250863 -0.3823279734192636 -0.4602926244255213 0.2329311724527688 0.9292982577031048 0.7504617977937714 0.1207991058074976 0.1567788965133496 -0.009065363950865725 -0.3497861235933844
 0.484391386909682 -0.2899785774825104 0.1721491306823974 1.016554780932385 -0.3142129086876978 0.6755328421121832 -0.6539532817838722 -0.4678068220104031 -0.07183623047910313 0.09963945898979051 -0.3637010595506202 -0.5432586412292582 -0.7702088394387848 -0.4732394656757497 0.7405634679949961 -0.7789420704287005 0.5976308405151838 -0.8529710274845449 0.6010023319012934 0.7184461264823114 0.05201375048084945 1.05692388487618 -0.4227663303341139 -0.8701021806642054 0.2707774174008247 0.29030850587955 0.4374123404226132 0.1418017209585865 -0.4186298628229487 -0.7195932931000059
