# Created by Octave 4.2.2, Mon Jul 09 12:30:14 2018 GMT <unknown@unknown>
# name: bestWTrainGlobal
# type: cell
# rows: 1
# columns: 3
# name: <cell-element>
# type: matrix
# rows: 3
# columns: 5
 -1.782015749147875 1.234101778493514 1.134486054155255 -1.88925738902968 -0.4325269813518252
 0.7247936310830182 -1.730673416489473 0.3354056323711356 2.26029626198933 -1.188293402014751
 -1.845796691220278 0.5427800998870425 2.310622567933024 0.6306672273539774 2.314985496434483



# name: <cell-element>
# type: matrix
# rows: 5
# columns: 5
 -1.727074017888696 -1.718911759772763 2.023167042408189 -0.3351743428077248 -1.226988639687944
 1.704636072633906 1.189274876151616 1.647477227026502 1.428521375317626 -0.04165572924658006
 -1.995162010252689 0.08698303263878744 0.1223850841099757 -0.06214405160995012 -0.6816482191464915
 2.256424060944692 -0.06316760672024714 1.966106065998146 2.167148351076367 0.4833470930101985
 -0.6016342867931341 0.115369773092053 0.3644485462575173 2.213224623007769 1.79325377267738



# name: <cell-element>
# type: matrix
# rows: 5
# columns: 3
 -1.877022825969902 -0.706390944006674 -0.15642171840425
 0.5164915286029822 2.147118639525454 -2.130525825166216
 -0.3745690596286252 0.8553132919079295 -0.5496366500059959
 -0.6003137242000127 -2.145694830635179 1.843271082865954
 -0.4976016070741013 -2.082974563837789 -1.713156524206307





