# Created by Octave 4.2.2, Sat Jul 07 20:06:58 2018 GMT <unknown@unknown>
# name: bestWTrain
# type: cell
# rows: 1
# columns: 3
# name: <cell-element>
# type: matrix
# rows: 4
# columns: 5
 1.649883983685999 -1.699990618628188 0.8664746110952103 2.303619171263682 -2.554348483068358
 -2.528854308411359 2.521988149483275 -0.1031323213017566 0.184080101139815 -1.360767543580495
 0.03551232511347178 2.423547212148512 -0.5040623222649594 -2.487196594988782 -1.164764724988844
 1.269663119629516 -1.096247487281545 -2.099612076865044 -0.04207872891283744 -1.85508969868259



# name: <cell-element>
# type: matrix
# rows: 5
# columns: 5
 -0.3745278960101981 -0.9079602150143991 2.129146457592509 -1.856916785611492 0.6275915993490127
 0.8556870203998848 0.1208272507186552 2.48837661937241 2.40051208320895 -1.157107516901801
 2.155591545103368 -2.152817723177838 -1.267956710707482 -2.530068314320624 -2.600339294844938
 1.277895018872765 -0.1687649909372447 0.8166710022559515 -1.293642664160057 -2.502709310336047
 0.4253561892924576 0.370920225997553 1.128917154446091 2.074485861736225 -0.6794412127828963



# name: <cell-element>
# type: matrix
# rows: 5
# columns: 1
 -0.9418119280302818
 0.7447437911315952
 1.205591661828699
 0.2132795349443689
 -1.851834221459673





