# Created by Octave 4.2.2, Mon Jul 16 14:53:09 2018 GMT <unknown@unknown>
# name: bestWTrainGlobal
# type: cell
# rows: 1
# columns: 3
# name: <cell-element>
# type: matrix
# rows: 62
# columns: 30
 -0.1610416009968664 0.4447161068641912 0.1565590651967048 0.7458241609795783 -0.2188217003178656 0.7045930635750497 0.4997241406369122 0.6563875315841011 -0.4077048630460948 -0.6892305767029724 -0.5028293940930549 -0.336719592622504 0.3673649949806165 -0.4612078125394113 0.1376652502906551 0.2695342767783619 -0.4789907458220761 -0.3347515769143238 0.2611033193849254 -0.03323575166736763 -0.008459358827209315 -0.6536468018391907 0.4514394844763424 0.2648769104227829 -0.09231263010077786 0.3009933740238407 0.6285818265017332 0.5884679607267477 -0.569039276831879 0.1250731618585547
 0.005585764673226764 0.3091903781947588 -0.7006679120455246 -0.1284536578592287 -0.7501866030670939 -0.06654723464741739 0.7141166474805165 0.1311506700664987 -0.0882026883380108 0.5576489239240532 -0.2138837507759002 -0.08378607545104494 0.561612878521177 0.2175176853792866 -0.03813815495310161 -0.226342004649829 0.2718098190152238 0.467508679738337 0.2929439048894166 0.2329810068999147 -0.04088964630796983 -0.4983957439188841 0.6956347626691334 -0.05751954383743488 0.07573254127735521 0.2051582208009258 0.3740328388740672 -0.2655382623728461 0.4647600805798102 0.2784747226822076
 -0.5987290353126191 0.1994674042734378 -0.06416671098178316 -0.3574240161215002 -0.4730194755884585 -0.2266796544490411 -0.7489207638317105 0.1406064653945144 0.725502206897308 0.7248221508074985 -0.539487137833744 0.244057689055272 0.006582886285312165 0.7229795307906882 -0.6461445232778614 -0.3710507970923554 -0.06703229048046574 -0.4298774228371436 0.07066753095995586 -0.6226677988554802 -0.4662090936315956 -0.1613710995879393 -0.581312013780764 0.6324518413274661 0.7380447926319901 -0.02937350055012547 -0.1256166451831755 0.2041272823504373 0.1354265398198961 0.1182117137973571
 -0.2336672595140672 -0.402138293220033 -0.6532643956540071 -0.7385301756161703 -0.03756733670290035 0.4543807086880286 0.5359593068414271 0.3850933674653178 -0.2091401868103399 0.03309319209420384 0.5899753947706341 -0.4328155769905072 -0.2637571269492266 -0.7126504081884821 -0.6481862808109018 -0.1480603795963523 0.006873767757804653 -0.7474712184159965 0.4049563059729903 0.7121233541990849 0.7084877716603406 0.05302202815351439 -0.6168365780159701 -0.657519053880854 -0.106114791988926 -0.1997574244626352 -0.09044380678077427 0.2293660889967558 0.1903919910929472 0.48264192307836
 0.5748216346523488 -0.5290153428240351 -0.5817215682072197 -0.368141897560701 0.2894728397064985 -0.01578383903995245 0.0663999530539406 0.6497757690494566 -0.2220103493590057 -0.4293739546254839 -0.06856801654491569 0.7009643079528461 0.1282708112918457 0.1233396098235726 -0.1926637933533357 0.1640010640297733 -0.1879172275361504 -0.1086176280916921 0.04331398223495746 -0.4827087890495334 0.5114758911100653 0.005621050397472588 -0.4537789922150959 -0.04995037676662614 0.6218186687312615 0.03585494965514208 -0.2378873190229807 0.0180278699997341 -0.36863974799213 0.06182124777752134
 0.123075926535206 0.7360865260664834 -0.6680162667954697 -0.4159573241522813 0.724539180494908 0.1037430093984562 -0.7315541681201471 -0.5305795539020485 -0.1764496483942943 0.138581246004188 -0.1204832328889564 -0.2916758674899569 0.138519158126862 -0.2114757902852878 -0.702818561547171 -0.655822350856202 0.421334736900187 -0.4360953185096638 -0.4606157743255085 0.7242252128568344 0.3894163904872778 0.4469527296074323 0.2122281140834738 -0.3293290611530371 -0.1563889558545547 -0.2796588905607944 -0.5774470678129118 0.3643368279024941 -0.6425850477882091 0.6787392244906432
 -0.6805895980466742 0.1718847752813971 0.3637500912380996 -0.5293423889962761 0.08794935096857628 0.01872752940431533 0.5177816949293778 0.2876138011281117 0.2258478293058209 0.4383699381776002 0.05971937667973123 0.03109058499899885 -0.5492880164178127 -0.009014467911311714 -0.6352805296000957 -0.09312513512099194 -0.4108884856684359 0.1257016882881664 -0.2728290530502694 0.5590245865454785 -0.2279197337586145 0.3422425278278358 -0.07481145582173111 0.0006295311955559602 -0.3843879883458154 0.1288743715981154 0.2694390801319799 -0.6573565463537567 -0.5093237320029431 0.3138513338513846
 -0.6862407291846528 0.3392278793384161 -0.4579341682054072 0.601942946684878 0.4689969030534225 -0.08083001993739021 0.2121923368814589 -0.1588928376205113 -0.4886500122451994 -0.263537583154778 0.5964507580341943 -0.5012715372452968 -0.5092166149068528 -0.6627872909119686 -0.1856881518258517 -0.0125307646598935 -0.1273644542456282 -0.5169214268677347 0.5950271130548456 -0.202038373008663 0.6099353209851344 0.1986988220667026 -0.4698876905124739 -0.5008372490503071 0.7378055725787637 0.7147931120431793 0.56586044989225 -0.2037287174543692 0.3653664645747004 0.6684025722462937
 0.2088482973668237 -0.1430283486155786 -0.4169173930659665 -0.5467415949482584 0.5374814662188218 0.3488543823421136 0.1781462712658233 0.009929515280195532 0.3274514072094887 -0.5643544833139297 0.5354945872635933 0.7002560048869764 0.6311437074273188 0.2183848193636224 -0.5188153083434559 -0.2373627147008498 -0.29599562972192 -0.5824007452463295 0.08876257245816024 -0.3805686891362383 -0.1995729787592167 0.0894493221980473 0.6846500213717815 0.4044951322763981 0.1039067641703365 0.2171671446374102 0.5256649697595435 -0.4761115287375076 0.4077811990598915 -0.04749526159162587
 0.05270908282137938 -0.3278412651481173 0.366327511475929 0.02235418247957888 -0.6694874417108836 0.2017115210020589 -0.05599537339366448 0.3521879497212693 -0.754251663834815 -0.1103194493845657 -0.455363283895128 0.3699361349986863 0.5806561589999759 0.7526930414699168 -0.6594956267253645 0.05251496004082186 0.2309443458819064 -0.2791263418354342 -0.594087643065471 -0.7558669285319934 -0.4967388954970516 0.4976928389009503 0.7227037675798993 0.629433185169419 0.3676962016818214 0.4976351434389951 0.4111311607932377 0.08158152728504409 0.6197408152401491 -0.5616059730056558
 0.7130187539058566 0.5016008590333891 0.1220919173219574 -0.3711372458686311 -0.07915296579469522 -0.4738793192622917 0.5266170452516474 -0.7549162702149284 -0.6555361033218549 -0.1441789496074501 -0.04491064080492405 -0.4582105064600014 0.7093195799407183 -0.7199681660425727 -0.2462502668485945 -0.6570736273461955 0.6635848323981896 -0.5685531116993968 0.3321533349068407 0.635893856738511 0.3648038392890375 0.2439614575808533 -0.003690561698573684 -0.7290593910342265 -0.6831350250659873 0.7235456264753179 0.5158195138497289 0.6434953685560741 0.4529039135373739 0.3112595548992865
 0.223716288817513 0.165869154274905 -0.3101313279251339 -0.129047983393463 -0.4428249335609509 -0.6742145412795539 -0.3742061152713268 -0.6836873537377247 0.3959964422954547 0.4810648660861113 0.04268640536095096 -0.5912548758681783 -0.3593282984258962 0.4880185180213475 -0.1399170243476558 0.4786618494847117 0.01446921473941125 0.1835977992744684 0.2007910678901447 -0.166206650102426 0.3425452518026211 0.729163605035425 0.1563892521893137 -0.3948472939646801 -0.115565858643236 -0.4982767161347548 -0.705342881042434 0.4210405482638434 -0.2749720000403978 0.7431442111287029
 -0.3892822234258828 -0.5394559985880127 -0.5332258057180368 -0.4355684123864662 0.4188901136354924 -0.04443859970007817 0.6316902005215652 -0.7132328912336376 -0.2412811814973351 0.3792720769942017 -0.07981404292108835 0.08339970448737997 -0.4715207632738946 0.0496280110670126 -0.04169593278341283 -0.7493243644608072 0.5128387196620465 -0.1795910558724584 -0.4687289622934995 -0.4072788718481138 0.5269851447931161 0.59901871219948 -0.5570371489004856 -0.171200631788391 -0.6565417900195648 -0.5549431661005877 0.6820242552383343 -0.6425016410599084 0.7383210993661774 -0.3361675565007695
