# Created by Octave 4.2.2, Mon Jul 16 14:50:09 2018 GMT <unknown@unknown>
# name: bestWTrainGlobal
# type: cell
# rows: 1
# columns: 3
# name: <cell-element>
# type: matrix
# rows: 62
# columns: 30
 0.1223881894629545 0.1686168476185353 -0.2302392949979452 -0.6430806025673027 -0.2294806201344292 0.1283485152628979 0.2550907704760064 0.3819231120334789 -0.01707528254429635 -0.1554882707680784 0.1882977154149981 -0.4289949260843122 -0.1782309697323266 -0.533096351987471 0.4987935524954701 -0.5039446764980793 -0.6248936058969043 -0.3181128040131776 0.7424556977790105 -0.1867091667579313 -0.09637842257969979 0.2492233824313264 0.6466495460326547 -0.2367266182132431 -0.3208431877117039 0.7540624575820188 0.3028862579521877 0.145178668837262 0.3884085351264973 -0.07263621725183338
 -0.1933678001493955 0.07645087982215198 0.09137656415038041 0.1111564194615373 0.01940229224258602 -0.2291200233471401 -0.09833710712387157 0.6965733521850639 -0.3671037967798632 -0.3437079793712834 -0.3871484350223391 0.04385312835608769 -0.5642223310827794 0.3276758459233963 0.6396822366089231 0.588889967517968 0.2456616109903386 0.590754924367454 0.71107595780915 0.3037133063951066 0.1440781922051871 -0.3875941141160314 -0.3825672069842207 -0.720757362720411 -0.3712133573942261 0.4569947748833199 -0.592388528126312 -0.01124596524756489 -0.7475769105690088 0.4712843488056233
 -0.3383679662724565 -0.7490784967111002 -0.2518496410286105 -0.2895318671398627 0.4197150404127066 0.6098218963134737 -0.3260312609169631 0.01598946804409886 -0.09417871292161417 0.3631288781777728 0.122932945733524 -0.6383151585228591 0.5919053540738436 -0.4676855005626408 -0.3758969774817854 -0.6657020185958923 -0.1354885920424966 -0.3548941941910933 -0.1312925591131184 -0.5072807687661675 -0.2533040783360737 0.6980698668427675 -0.04726584185881494 0.5066528280321583 -0.1187923252022656 0.3135673807423239 0.01508223602464773 0.7343807399060426 -0.5049448527160195 0.7183145286220902
 -0.2892538505321914 0.3136327518096654 0.7350284716148547 -0.01826906663443754 -0.2001242809032182 -0.2138256831832634 0.4100077013814568 -0.1464736634920189 0.6421695150993977 0.3365749713876762 -0.03760810408288228 -0.1517703665620878 -0.4622550803016693 0.5883265744925283 -0.7283932371286973 0.660081293600737 0.6348579626977965 0.2197633533206173 0.2779232248451511 0.6386530163396676 -0.4554816867726978 0.3740351566949986 0.4019243773843361 0.09518353401308458 -0.06419712995779625 -0.4649059867571471 0.08305135451143578 -0.07143237983008922 0.09615298619330612 0.4929616705242176
 -0.7102666980414184 0.2179651746564221 -0.2432010935414454 -0.5206282108554242 -0.3406846861468338 0.6289926577985248 0.3877338286325586 0.06563222636616106 -0.6863683067062885 0.07970923928492796 0.2899694861291102 0.7369419643139903 0.01293995121756136 0.3434675411100463 0.6502835221064838 -0.08423213166275453 0.6834579887896008 0.7282017054782723 -0.305958375412301 0.2391846381243539 -0.06450203539544057 0.5237881391374341 -0.1700773749542812 0.2728079009039329 -0.00939708854954458 -0.5213343110375128 -0.7200466128542309 -0.2732685477472452 0.1987775700825191 0.4652342972857053
 0.3334706420813053 -0.6017345607048006 -0.2183990653107202 -0.1244618984246235 -0.1450601668393093 0.6600758514162159 0.06832920537182562 -0.06945027727784026 -0.3404998771782912 0.06063657934784104 -0.09605674122089257 0.6072423076357842 -0.6067420464579374 0.01615892027084016 0.6490963407208562 0.1084642933441135 -0.6924667285408319 0.1746880619159447 -0.2350768996165661 -0.2837826478635169 0.1542537024308537 -0.2068762907511031 -0.241117987932098 -0.3792024212376858 0.1708873816536903 0.7109149153653556 -0.3499631025236318 0.1973312026025789 -0.3796761643928991 0.07508052735750614
 0.3436339008737562 0.3620846015928887 0.7132385067669045 0.6655360563911146 -0.6970970529432086 0.7524767033826817 0.7414867315486989 0.2759291249075477 0.2698635328687846 -0.1343881205686105 -0.4372483504337722 0.587290908292646 -0.4205864055466273 -0.6012403155674125 0.08496181451885536 0.6384608482733851 -0.2574762896122018 -0.6212191464079825 0.1835713939039693 0.1713954306528276 0.07467465976979666 -0.2801751763274052 -0.02872933994238004 0.4487518912240081 0.7216844347072807 -0.1494089450213553 0.113428554917569 -0.2705473372396198 0.7542753956856704 -0.3937205445584404
 0.3705239016553417 0.004423933449715935 -0.4181620693733861 -0.01036232066993573 -0.4960084364410829 -0.2183358109894743 0.2959108428361918 -0.09310924369589671 0.1545410932466721 0.4036012270081896 0.6621516576128899 -0.3903139808257953 -0.3575385833535302 -0.1413939208696352 -0.02261962816246437 -0.7516963138742974 0.4217851468966792 -0.6764734015708797 0.2342072391053693 0.09746774468027762 -0.156978841544591 -0.3124758590754132 -0.7501139237795162 0.5711593714939628 -0.4208198163838306 0.1831125890018798 -0.6690391869454989 0.176619871261966 0.6397524931549285 -0.3029286597005904
 -0.4846622369926321 -0.5851444963055883 0.4107752625636986 -0.03721274106856514 0.531489052353746 -0.377457348547608 0.4236040757113272 -0.4530511886725104 0.1669305490957556 0.06659770833442626 0.07065457256858076 -0.6516773441052339 0.1333817780310544 0.5102032747585507 0.03822234279283557 0.7413574598489547 0.3703158487048087 0.646259900835805 0.4895819523544324 -0.01441057136683043 -0.1584387687420533 0.460807859022216 -0.2121393964158518 0.01241482147499738 0.1018101646702214 -0.5327180762711855 -0.003020864970237244 -0.126369128404107 0.3477283059968789 0.7030784323513291
 -0.6835729973467333 0.1591512980150523 0.6574015273888677 0.3254570527033593 0.5551355108869588 -0.4162264426722276 -0.2686546783510979 0.3238044297590468 0.3255985713998629 0.6362338217816599 0.09533922827628701 0.6390227237267074 0.1540166867990995 -0.5048980661947137 0.1930374928949335 0.4515522347516527 -0.1397939481906244 0.351189735726509 -0.4397204012139552 -0.1386975329620497 -0.4241306869477921 -0.6219648987938813 -0.6327048187760562 -0.05403848336853343 0.10445943744045 -0.03582355710548701 -0.05676616429283959 0.0611785794242047 0.06281289654813486 0.4934484067851524
 0.7227168430193005 0.6480374468484571 -0.08744034509090884 -0.1233613665733913 0.2761915941123826 -0.715417755684111 -0.581345328165189 0.1422844125907105 -0.4732610628556489 0.7500047352712278 0.2689995972995509 -0.1919407639844108 -0.4382532974947478 -0.09594923749972087 0.1578328534259065 0.5116989120464616 0.07311440549914189 -0.7081339562942928 -0.1060236866079992 -0.2812870527684643 0.5854895337273098 -0.2219324649672468 0.6294255377981097 -0.4111174921434963 0.1353635083083 0.1537947354200312 -0.05700515803295149 0.3562104996227233 0.7364741571802212 -0.2254524778114041
 0.7306878590472202 -0.1083236538037765 0.7400766610889006 -0.7087744767639663 0.3074129060709401 -0.7231336122263717 -0.7217111511961053 -0.6977579397890922 -0.3612749874165241 0.1413971713395979 -0.4458044486052027 -0.06608450269609058 0.2785095083175765 0.233615179025241 -0.5693635558764506 0.6841302615836846 -0.7049939444850669 -0.05598358049857945 0.134159036372054 -0.2000018469953112 -0.192777415678109 -0.2815914846472752 0.3048549835770358 -0.305736449006851 -0.2913847503359833 0.3346363939488632 -0.1845611764671632 0.6028894331395547 -0.4339779680103685 -0.07943433857221795
 0.2135338532365638 -0.1853668339352422 -0.4839534252836912 -0.7361651494923056 -0.2995447571791865 -0.5601080452793499 0.4201145949404355 0.07379449615128515 -0.6128891864641978 0.4881216778168495 -0.3945497615055923 0.6358600349421637 -0.4409454601190279 0.7181899268046065 -0.2204510741293473 -0.2820053800406692 -0.662287032801928 -0.001616582912928132 0.7547723754611515 -0.09267163316566941 0.1172940624290189 -0.6629432729263603 -0.2206894343847211 0.1832935256101769 -0.1304780833947021 -0.4380567785623021 0.1307123874596502 -0.4979248315690346 0.7288328040739231 0.6406973466926815
