# Created by Octave 4.2.2, Tue Jul 17 14:07:36 2018 -04 <francisco@francisco-X555LB>
# name: bestWTrainGlobal
# type: cell
# rows: 1
# columns: 3
# name: <cell-element>
# type: matrix
# rows: 64
# columns: 30
 -0.2062331239844173 0.6162902286425065 -0.394488440112895 -0.5142205848837532 -0.3389372198202296 0.3091889947585038 -0.1209043025948098 -0.3550061674040685 -0.6572923200829424 0.7383675524526395 -0.4211595691335018 -0.5823967469981947 -0.182615174426914 0.7144321821312027 -0.2574499388015469 -0.09449660766962452 0.2489452786064043 0.3357551486920836 -0.166388384137181 -0.3096710776243519 -0.6740982809062591 0.5713395942525409 -0.164112211425253 -0.08523957246194031 -0.2316124559897203 0.5036436846412415 0.6314528257641868 -0.541971636336595 -0.2719778492574259 -0.4946986875277321
 0.1440185556428944 0.3841990002621741 -0.4625042576927648 -0.5164532757217758 0.07642721835182224 -0.3075307666014422 -0.5296927083319397 0.1088895890055701 -0.6985749325143744 -0.4291947604780116 -0.5056827430498991 -0.6295019006248314 -0.5235033389223418 -0.259002316473342 0.7085944016195381 0.6036740548766043 0.2000797274542784 -0.2984244673294734 0.4008777377077997 0.5843416385879919 0.6335165982077854 0.2206061006232679 -0.6011212974087738 -0.5656159997027413 0.5480596122634364 0.359175816534682 -0.5919822381676444 -0.540698424366009 -0.2773391810544337 0.7055447202652487
 0.04136053923155836 0.3745216409374606 0.3008565135370157 0.6093087216044422 -0.2262744758793043 0.03833789339369562 0.7230698128056621 0.1516798113836993 0.6494553071659064 0.09433648081181259 -0.09203628247496788 0.1361012025297804 -0.3122519287234207 -0.2655755354464283 0.3961220428325646 -0.07986002556319111 -0.1809736518195511 -0.5986986764852099 0.02427179606012316 0.6146517499256362 -0.05662178307043433 -0.4387622289404972 0.6960790891907054 -0.38933681588264 -0.2871123376613957 0.08036201334469976 -0.02046021192210445 -0.2949558321405026 0.4294316776458061 0.1308320437674268
 0.2162267568429951 0.4941828599881128 -0.7238703093677319 0.3681889600524014 0.5750192193296717 -0.02271448841583637 0.6783338648607345 0.208899494031517 -0.1420592500327932 -0.3373985619426433 -0.3967894292069698 0.04729449314739066 0.3747802695358003 -0.2114272691015025 -0.3171053848096828 0.2733756980217272 0.2766683960988234 0.1387429994278804 -0.1106364865729357 -0.5046620217501114 -0.6362911015210155 0.2058419048433883 0.1023660141067077 -0.09201777665163112 -0.05462405435680001 -0.7239207565023751 -0.3389169424465719 -0.4399098330035295 -0.5159808673602545 -0.3093657076814049
 -0.02906416144822407 0.3377193552049748 -0.173668504312978 -0.08207390965997716 -0.4600426399097032 -0.5094775743101847 0.03999185799099243 -0.4534282600756576 0.09028287879447518 -0.5511067891182873 -0.5417603587791756 0.4116925731212452 -0.2727817995900689 -0.3687414746497822 -0.1221058345211768 0.2302914924452945 -0.7159357272568695 -0.2578565276241207 -0.3601078171320874 0.06961109435381641 -0.3098362340193506 0.129749224569613 0.1086095057463341 -0.6426150493083397 0.1593582626169096 0.3901166485441904 0.2073126715361286 -0.4199818263423756 0.276016053780114 -0.6008985713237297
 0.1736045649273595 0.6573230712055281 -0.1896050826446326 0.10523334751984 0.4996824996127024 -0.03820765405378263 0.4602775675935419 0.6901893260152064 0.6609008652629207 0.09704477719377623 -0.03524621808792824 -0.2497147165954881 -0.5149062114507778 0.6982749738220162 0.2347861245107222 -0.2983508791935223 0.2417744941598889 0.5767615780107388 0.07116710229858673 -0.3956796898930831 -0.6573051709407012 0.2614202446628802 -0.02435057552222298 -0.5458170796219366 0.6447402588090266 -0.686101928092402 -0.1384073603565351 0.6817701011204902 -0.4751868922986209 0.6483014735073723
 -0.3929829279043707 -0.1319244383987772 0.321827039880283 -0.162633816373525 0.4222930195400727 -0.7163248320259853 -0.3408059331979992 -0.4538626509931606 0.3173895672777845 -0.4671622437297592 0.1450597942530981 0.23207234789856 -0.2221996273126815 -0.5618044237374957 0.5184773819340794 0.4792803339019726 -0.3876501174638124 0.4377568340497231 0.1804215922009319 0.4686497689963873 0.3964258702748117 -0.4850425442111739 -0.199550622766983 0.4367496697329774 -0.1819641373705292 -0.0735956990588717 0.2944183292892664 -0.7292770955785504 0.1770808204145206 -0.184476347006556
 -0.4470232163325359 -0.1609093844091336 0.5866066662643958 -0.5267834507436445 -0.2071681205023429 0.5177587532875255 -0.3293223602045425 -0.09706359633011812 0.6264808706365403 0.2930888946361415 -0.550605107948458 -0.1642645656943435 0.1063111733481815 0.09870946153887547 -0.7059408130595373 0.1643154797277328 0.3570337475161323 -0.2800563041312455 0.1122610380128784 -0.2326718967955054 0.3215142533865269 0.3193013101997269 -0.1647543655465814 0.4808362761526399 0.4632989530070862 0.6069903840333143 0.2590105594770588 -0.2349882218060444 0.2794206731973858 0.1546200134555386
 -0.3273009164572435 0.2583540172022291 0.4684617142788727 -0.3435990753192659 -0.2086991336807129 0.3962520387163686 0.5629320454944403 -0.1166921795095189 0.6506694400966597 -0.5646878997169917 -0.2946849390899186 0.581461798170448 0.3673079769033084 0.4996051047186059 -0.3393392332244635 -0.4877319470582599 -0.1335270768360143 0.330677048916669 0.4919913214576994 -0.2786081299555711 -0.1836693957113905 0.5530829201324614 -0.3174294148656998 0.05878004823465281 0.5657316972987607 -0.06338152567914719 0.4509130313439373 -0.0263799954747177 -0.4318304708346341 -0.03811724987428945
 -0.6454384117340093 0.05086827747029964 -0.1799386055070094 0.4678113241263468 0.6899672090734489 0.6292625170844014 -0.2384872800996081 0.2631249167586229 -0.446107708585022 0.289059374943435 0.7313425872521762 -0.1655597325148382 -0.7317332621286223 0.3374942084096058 -0.2901226851251996 0.2885323125407752 0.2001030390084195 -0.2937049003393807 -0.32648756503093 0.02570726350467362 0.2959332056545286 0.1068351277028853 -0.1355095768594 -0.2233523036035303 -0.7051331655311255 0.38344952015453 0.4376643347336013 0.1503209179728821 -0.04413986903420856 0.6120097793904163
 -0.5922228936251749 -0.6732304342101721 0.2759436496217342 -0.1475921890560596 -0.5606754946994189 0.00413805049889726 0.3880972579015949 -0.1600793147052973 -0.5984902393745586 0.05424595546333369 -0.3698423572584645 0.2970065655178663 -0.179981215528779 -0.1265008860848826 0.6048738311651733 -0.6307996452203 0.5369519212597685 0.4128499338940343 -0.4214229322630169 0.468773027792758 -0.4236396127730169 -0.1480853745570294 -0.3428015627786994 0.1452937781807334 0.4903065030986247 0.4838158368437601 0.2484124042418301 -0.3785720077719915 -0.4836160224048568 0.06955506604244448
 -0.6041489260067294 0.008730756936572262 0.0791530164366146 0.487133209274075 -0.1857773199057705 0.1347936206998145 0.6495703585589114 0.4006039033890861 -0.6120280937115283 -0.4918192617951908 0.1149810916111407 0.4391079893198682 -0.06317769578483672 -0.6465366141258998 -0.6510630733477427 0.07540296835880567 -0.02844664003509316 -0.07981862004027165 -0.6085935859494038 -0.1007171250130179 0.4977116169012034 -0.7002206993025768 0.614413922784398 0.1850080364725681 0.3711497824740272 0.5832597544360884 0.1236128919080867 0.4727604943971765 -0.3876181771490711 0.6407212740730253
 0.6071702002947412 0.6750266208995266 -0.08240154980417594 -0.1386386658868081 -0.557058518494932 -0.2863312490229287 0.6249494403658008 -0.7399235907128416 -0.5200252364481347 -0.3318943625455877 -0.5516591775811195 -0.4047805906882528 0.7242858605738135 0.4225715433059781 -0.5649971865343481 0.5398911349545323 0.2662118060434711 -0.1025094765076014 0.5308770831929313 -0.2374371695974916 0.2753407089864888 0.4067743774776881 -0.04161473507684727 0.5719180784848983 -0.00626277196778276 0.3011975709121317 0.3660085595626649 0.1053870024074685 0.2716724014617384 -0.7189252702457685
