# Created by Octave 4.2.2, Wed Jul 11 10:25:04 2018 GMT <unknown@unknown>
# name: bestWTrainGlobal
# type: cell
# rows: 1
# columns: 3
# name: <cell-element>
# type: matrix
# rows: 3
# columns: 5
 0.9231670438791696 -0.4108016191350934 0.4971859187400364 -0.8637618385881258 -1.745654385124456
 -2.076103107909847 1.043069674312174 -1.555439657038016 -1.380906367297709 -1.898041613845601
 0.2023795392095743 -1.801580709331778 1.980828382558435 1.11340919964887 -2.324365783576807



# name: <cell-element>
# type: matrix
# rows: 5
# columns: 5
 1.466149476933203 -1.880638067114677 -1.968504604714596 2.221234559454392 -0.3316065018581756
 1.033437160049634 0.5669113858512331 -0.07270041653260358 -0.8154892989091579 -1.751557815057504
 -0.02672365821724647 1.524383825205058 -2.027967868989056 -0.7334844500573995 -0.6904038148926591
 -2.396272271993299 2.348587218025767 2.101237059351062 -1.149983726917151 -1.862347133856952
 0.5550336223253005 0.5455956893725833 -0.9123637944730651 0.4064348567537158 -1.462623357048899



# name: <cell-element>
# type: matrix
# rows: 5
# columns: 3
 2.094710442924698 -0.4645037912158949 -2.031386271769074
 -2.30954150826673 -1.678375417756071 0.1523886814263835
 -1.464733113197284 -0.8955435626458613 -2.250380560195824
 1.084745482081989 -1.349977827026994 1.874424746933584
 -1.742101570669406 -1.031648542226911 -0.9639725362516287





