# Created by Octave 4.2.2, Wed Jul 11 10:25:04 2018 GMT <unknown@unknown>
# name: bestWTrainGlobal
# type: cell
# rows: 1
# columns: 3
# name: <cell-element>
# type: matrix
# rows: 3
# columns: 5
 -2.190672057033513 -2.629985749925677 2.634610314755582 -1.607311786515638 2.136021247619965
 2.347132801152145 1.268593205477551 -2.270427274333046 -2.995744053285952 2.694950632457827
 -0.7543568132219425 -2.165542839501497 -0.4119104107526407 0.4491670968644166 -0.7550885022722906



# name: <cell-element>
# type: matrix
# rows: 5
# columns: 5
 -1.167880447233209 0.06739330459239229 0.3880342704565463 2.420108238939236 -2.258824834784966
 -2.51240387280348 -0.9607803289591397 -0.9947854750356583 0.4734877992988177 -1.08476698737099
 2.038425827875665 2.117595014656078 -0.869211765631675 -2.397083738991338 -0.3912512018275604
 1.816384344157261 2.557716477168615 -0.7485126712773867 -2.595691610523553 0.705841307742157
 2.423903569579934 2.745089226948854 -2.933196863445193 1.510166026260658 -1.418564453081994



# name: <cell-element>
# type: matrix
# rows: 5
# columns: 1
 1.046410519135984
 -1.685078744301669
 0.8695432735571313
 -1.833023935185525
 -2.573367316381662





