# Created by Octave 4.2.2, Wed Jul 11 17:50:21 2018 GMT <unknown@unknown>
# name: bestWTrainGlobal
# type: cell
# rows: 1
# columns: 3
# name: <cell-element>
# type: matrix
# rows: 50
# columns: 5
 -0.6968135992072689 -0.7068587590768483 -0.2122968291840556 0.4363717511146701 0.1394633578092971
 0.6892766708903758 0.5458765587159212 -0.7099341562419498 -0.7696858797728461 -0.06119597654762876
 -0.5635044201594309 0.1795655835150086 -0.596333728555182 0.4235887456871594 -0.06861800175288783
 0.4248000408500213 -0.8361987457227071 -0.534358176368018 -0.3946711157969602 0.1398967248876311
 -0.0112656000105157 -0.003741747505576514 -0.2538350891231864 0.06485190679219287 -0.3377032050655188
 0.1100724498761037 -0.07727576444338721 0.5450427941296561 0.2455334793891022 0.09622803199870376
 0.6312021275421484 -0.3475324335908559 0.4989406781849584 -0.2340212105216786 0.1875908048654185
 0.07278180645037778 -0.5060970557087672 -0.5114111506978429 -0.2537218979760366 -0.4351982133860226
 -0.09617009494983859 0.226268210421107 0.06490636318930455 0.1249034656506746 -0.2117806906869634
 -0.5992454042863961 0.06485668961953853 -0.1951879940307195 0.5293015838464797 0.1260234701836878
 -0.4136854358264704 0.4835521431547547 -0.08733481131691118 0.1876048761013247 -0.5194806339763099
 0.5276412429333402 0.5706767174388374 0.422731557887312 0.704015939887045 -0.09134664059403477
 -0.1241575051197685 -0.3547939604881591 -0.4554380660998114 -0.5532643753085782 -0.1691254990789678
 0.1480657228549318 -0.1496668249536767 0.005224281692163792 0.6550953116370386 0.4457735781580969
 -0.4184650784841887 0.4950006276693987 -0.3161745859472043 -0.06525404352517646 -0.1961101851117342
 -0.4283431573965816 0.1994548694702091 0.6806651231451157 -0.3134524396346494 0.4076058099350864
 -0.4038147555593223 -0.2065153541784246 0.1414200260468071 0.7941678807483119 0.7510564992447698
 -0.3861796975378226 -0.1146218943468135 0.04204193301424941 -0.5457332581402057 -0.6742820191878255
 -0.5735383988868972 0.5111888491038711 0.09092612874945796 -0.1426441705556617 -0.6628138403289332
 0.8111048928163099 -0.6624017345351607 0.4722985143186657 -0.6288161587026107 0.3915648731091932
 0.4376090024794385 0.2377737668947387 0.3405253253770432 0.6478072748931585 0.6430524115039703
 -0.1317614060513468 -0.3972264851595388 0.1183317655174111 -0.1636383514939972 0.6207720086723841
 0.1261953519978508 -0.3143935253598996 -0.3690577096241782 -0.6834423729871747 0.8378046629798579
 0.224549817490674 0.721248993191991 0.6493757325189998 0.2905475358832138 -0.4391121644791109
 -0.1484729900342834 -0.08191821621186254 -0.0645341103834659 -0.6301270597043468 0.5787557561374012
 0.3460937920452913 0.6841600308590016 -0.647362582608789 -0.1129938826713478 0.7723488653180267
 0.07312262339539291 0.4510513481868638 0.06941404719980834 0.04795632143054612 0.6116581707965429
 -0.3383542923902097 -0.5604482109652268 0.2709472286755938 0.2737201295674582 -0.354406785925079
 0.09855657575282634 -0.8082195102989994 0.6110109318435026 0.0792961379745343 -0.2723350647112329
 -0.6762033021834514 -0.5058803814643685 0.4080818313398124 -0.5888153187917501 0.3726505358695535
 0.06396997019614588 -0.4893671773602076 0.00575039238325542 0.1388620853139527 0.1201133891520039
 -0.2823524105195415 0.6863947637982497 -0.6998510362304979 0.5659356345675518 -0.2344524577486849
 -0.2412360211219126 0.3924049067733578 0.5446921361590401 -0.5013721523388164 0.3499948537076477
 0.4031019004541576 0.5990890755539651 0.6371246762033902 0.4392557129186684 0.360208119440698
 -0.651903966003488 -0.6223077186159199 0.1253004706560943 -0.5924786343277976 0.4277067454782016
 0.04805632776135094 0.6521495677883662 -0.319424633517067 0.5639091066640143 -0.6736931854002439
 0.6550774629554015 0.4810779757050568 0.1738389884240063 0.716963157351728 -0.5985238077717466
 -0.2138311313663075 0.7546623976022445 0.332886348635346 0.8181837109791102 -0.7852586090283836
 -0.6480097207416967 0.7421246578376528 0.4962174226650656 0.1345374291449392 0.5850969956406334
 -0.005369884754358361 0.6195966969835135 0.419233513164936 -0.224983124664686 0.3956113386557104
 -0.7656337529938569 -0.2366266578730352 0.5148710435014372 -0.7315989752627693 0.03034320939749269
 -0.450851550230824 0.7920599885922739 0.07246943826919046 0.6578714757923272 -0.4103177325101794
 0.2515081802689635 0.3647816117544442 0.3014071195483092 0.4273013492357517 0.3180199307959221
 0.8184453528530773 -0.1172948243881499 0.2817491346417469 -0.2990977469220401 -0.306287265045761
 -0.6086506113786964 -0.0829842279346521 0.1506317253253459 0.7905069249562723 0.4653655230858063
 -0.3324714941261058 0.4207515095630695 0.3786972577582259 -0.304223558248568 0.4493494485962334
 0.7797249645315738 0.3215919892303692 0.640314199176352 0.2723633474462001 -0.6870482305245326
 0.1686298543327159 -0.2398957618608515 0.4602214719985578 -0.1728219922579346 0.6997484163415686
 -0.3524033755384099 0.5386968914330329 -0.7970556389730101 0.2860148406600923 0.7480753910518727
 -0.08413896540682289 0.8144095103523116 -0.7439880764461911 -0.3733790239950362 0.1593702657730088



# name: <cell-element>
# type: matrix
# rows: 5
# columns: 5
 0.1185731800182414 -0.2592775322345959 0.8707977433222936 -0.3386748532060726 0.6219958009305998
 -0.6526548758750458 0.8655885018403959 0.8148793921370486 0.5510293374000732 0.7425397677462973
 0.4279524081128765 -0.7606103882848356 -0.2773705401611189 -0.570364927129216 0.4780778639831334
 0.3221561890541969 -0.7681452141042389 0.5888378666204896 -0.3729307745942547 0.2499229572550729
 -0.06720233168928626 0.6810146257121842 -0.5335179490279854 -0.4116302899377799 0.3677947009172919



# name: <cell-element>
# type: matrix
# rows: 5
# columns: 1
 -0.6724503976093172
 -0.8523255370726031
 -1.116943536601275
 -0.2382183369668893
 -0.3476238325097896





