# Created by Octave 4.2.2, Mon Jul 09 12:30:14 2018 GMT <unknown@unknown>
# name: bestWTrainGlobal
# type: cell
# rows: 1
# columns: 3
# name: <cell-element>
# type: matrix
# rows: 3
# columns: 5
 -1.073813780755517 2.051108575483386 1.162263397237823 -1.991956745165373 -2.913125947605903
 -2.394804744433064 1.165678171133652 1.225040738164927 -2.834810786029392 2.085033134950266
 2.949979657348257 1.705719783076214 -0.07714893871830557 2.711331069974362 0.4195653405755155



# name: <cell-element>
# type: matrix
# rows: 5
# columns: 5
 2.00602775467126 -2.399878372789084 2.524999856827289 -1.240458577300211 -1.590052164061128
 2.795870194946168 -0.4800386927110409 2.045585669512795 -2.098358732570316 -2.624058239430159
 -1.644568883396645 -1.748941224522368 -2.552312791411152 -0.6144918424123417 2.078496782416246
 -0.7609456774325938 2.108015446338971 0.1515472869244625 -0.9304939161775962 -0.6660326738450336
 -0.320033388843066 0.8466435067216134 -1.960053981239948 1.083852644897618 -0.48172827814006



# name: <cell-element>
# type: matrix
# rows: 5
# columns: 1
 -2.106572619631501
 -1.447291851316107
 0.1252698902849742
 0.2325941976593524
 0.4833580637928725





