# Created by Octave 4.2.2, Wed Jul 25 08:19:55 2018 -04 <francisco@francisco-X555LB>
# name: bestWTrainGlobal
# type: cell
# rows: 1
# columns: 4
# name: <cell-element>
# type: matrix
# rows: 56
# columns: 30
 0.09558046584046857 -0.624230934095289 0.4617127384479525 -0.5358173803777326 0.4493302318073574 -0.6044493816179156 -0.2483332235322495 0.3557935792712993 0.430882387003816 -0.2993993447344565 0.230855692077203 -0.4065865347034398 0.7125662405229999 0.537679504549836 -0.1700365330609317 -0.2056920960408162 -0.09133635716994115 -0.1677276517230499 0.1508178389871465 0.2068610355018354 -0.5877029137451443 0.08224282528099434 0.4240598150806089 -0.3192107569317122 -0.6759581951376807 -0.6021630930799849 -0.6514442102555937 0.2546076834985986 -0.3307665046241788 0.5660979103767665
 -0.6458813009255157 0.08446109192437978 0.3851968702173628 -0.6000592919157316 -0.1510989640378606 -0.509620453472783 0.7488976333626178 0.6662217758500123 0.3150373923688874 0.4140692939044188 -0.5577212715605405 0.2931714353834619 -0.7665915996761413 0.6361258422989753 -0.4508656481649282 -0.2340955854484895 0.2365129673017673 0.4736352596690504 0.224118363822117 0.07481784621023101 -0.1558325383079332 -0.7636372687953951 -0.08063463313968139 -0.6934406872927921 -0.604390603363098 -0.4234860218125593 -0.05061165723370969 -0.4092942066064809 -0.3297745763511499 -0.6856485490017991
 0.5394492596531457 0.1062237447120724 -0.1278835187910805 -0.7054170886112315 -0.3722066879316628 0.2337980018873163 -0.08090861917531218 -0.115606230245336 -0.3009689035450517 0.707109359743039 -0.1069679908397237 -0.5288315687410734 -0.7792183461832235 0.1545344470560311 -0.7635184954477896 0.7404755747952833 0.5992025411298283 0.7722733912486401 0.6137911753407742 0.734365759834006 0.7734844935324707 -0.4341656142591609 0.4520459644207998 -0.2569853777360779 0.08818950338740066 -0.6344752787781565 0.5016831518269697 -0.5892398399142799 -0.3981008699384079 0.7619023603562323
 -0.2559725291869638 0.4779334583875824 -0.08175687809509266 0.1391523537564915 -0.5694233170178795 0.06488971223886018 -0.2008561363589738 -0.2709755893649102 -0.02847289753629898 0.7526837697932196 -0.7082708775272238 -0.1771966074418061 -0.3287223613352669 -0.201675617476986 -0.7200475740381841 -0.6865357536930798 0.2840817738696641 0.3790576290580525 0.2111252718179233 -0.3951965509550937 0.7589146470705405 -0.5107053803507726 -0.2410324595151919 -0.7843933836873909 0.4692586157541557 -0.4893654441869174 0.767723113800307 0.6544230805297867 0.05665242195918645 -0.2611256936418108
 0.1398782972844217 -0.2408568627220845 -0.5853400461127487 0.7336158696163974 0.522586198137107 0.4299174194217964 0.3836682021985458 0.3855648378660173 0.3747516828442075 0.04926688446809468 -0.02998791282883591 -0.6454021362077864 0.3309611548903387 0.6657669432281514 0.5663310433100975 -0.07311429850731756 0.2365271617711442 0.7598346627972508 0.07923178964143789 0.1275169235440951 0.3535957143893437 0.7110541771300164 -0.1674958758855169 0.1769958389432808 -0.4993147231129227 -0.3690712990380112 0.6986812568294617 -0.4284049281379002 0.00340957510836883 -0.6697524749303382
 0.4963255500828827 -0.2613442825146004 0.4705981910344051 0.7562083987798093 0.2695325859680573 0.710032438693216 0.632183685959125 -0.6214995012979895 -0.3377195805010409 -0.2553873724528366 -0.23560877543345 0.7162065485790092 -0.3507976659525934 0.5263198753359407 0.1315968302401243 -0.1804793329387727 0.3666085135829967 0.7735469305589779 0.2251690447004851 0.4218388539681333 0.1985082253351995 0.6262457291585847 0.2841592939036678 0.4151527994427296 -0.1035556157601344 0.03815556620810769 0.004784582159260348 -0.09663406288932205 0.1925073966832815 0.1103450904412624
 0.4734613776267191 -0.291759658143143 -0.7502853966829893 -0.1068420330555125 -0.2426819015027781 0.7046636129471143 0.134909178081149 -0.5825875084746196 -0.3697646847642789 -0.6497544256230348 -0.01128037574113153 0.4665252920256556 -0.7846916925660059 0.429057079203116 -0.2732786217474153 0.7427723604229487 -0.1395873286457306 -0.09327359887278147 -0.771006439609055 0.332230995858817 0.5422974854300519 0.6751386527009992 0.2434992801736318 0.1055306194043869 -0.002010803430755366 0.7933423547876893 0.2292983847400715 -0.07803024568750844 0.2602051297949952 0.572625685778485
 0.2779534155151259 0.1702077614133309 0.142330291511601 -0.0557532217654706 0.01534193527291625 -0.7687155992404144 0.04703683514549031 -0.4477290280914161 -0.2680234517132052 -0.3282840896236192 0.628097840649623 -0.7352030720723943 0.7834557959387816 0.1831633829988427 -0.2982025084155154 -0.4726583198757155 0.4008827056151987 0.1368918027142939 0.660725208958391 0.06146026396885747 -0.2351883490692039 -0.1401613087285543 0.3514580287645485 0.5728887977181085 -0.7278365909146347 -0.788484012348572 0.3510884996614813 0.6293456319019276 0.3685936639515878 -0.606639549160692
 -0.4516340856179262 -0.6567893617056525 0.3695125868244103 -0.1312109175139423 -0.6177283701049636 -0.7089545537601853 0.05756055643935769 0.6372932743143139 -0.0473846924912622 0.4194508848530029 0.05703709858878748 0.5546732352430044 -0.3865637325424913 0.1422139934009015 -0.7275855851377261 -0.1367210845827211 0.6981239386661698 -0.05980081112903849 0.263990194232421 -0.1777665816618751 0.3474892246837205 0.2379329159125295 0.6424853189087676 0.1877904178418904 -0.445373470077112 -0.2820895244675088 0.7487811385843441 0.7104202939849029 0.5293044984722718 0.481391797816381
 0.03790832529878519 0.1920659699290278 0.140101052711382 0.6165020196061221 0.5056318428707723 -0.6982331950052951 -0.4010121031256964 -0.7248069351458882 -0.3869585091163546 -0.2248816768927424 0.7129543669207674 0.323502110479096 0.6289030286848323 -0.7853564546522104 0.2741976641406806 0.44418997094088 -0.4092351066703306 0.1604561896328152 0.3691078073024196 0.7299245214129439 -0.6724757936009972 -0.3214050518766186 0.492465086248393 0.7395087058317608 -0.2694337349815447 0.01671173331720351 -0.6408493369877779 0.2309922316764333 0.1607490182369478 0.7606714810181145
 0.5367164601021857 -0.6830262415074585 0.09076658083447676 0.279758079462763 -0.7506963605052308 0.5261947985955632 -0.1011336538998546 -0.3251282930510805 0.6259860956415796 0.1167404855827924 -0.3148938851329654 -0.4612202029302305 -0.5943172957624518 -0.2772569872930146 0.5001388603794727 -0.7237939456472712 0.1752409880970714 0.3912886197877276 -0.5232150961774062 0.2772904405682927 -0.4274933595246787 -0.6720357926106756 -0.5436514464122822 -0.349018187315688 0.1715145927836353 0.1764817232458889 0.2443700248653773 0.3602757181410987 -0.7205531662295683 -0.4876242722130948
 -0.3949021846445703 0.4986211120334893 0.1464097609015296 0.6284493961777213 0.07629079094642299 0.6548759332376263 0.3510563521030873 0.7326108659159992 0.7564806381191771 -0.5060351411288365 0.7459659884853694 -0.00016882701735207 0.1413133093781328 -0.373711169078623 -0.3277262790808666 -0.4963255891242492 -0.6168917189541373 -0.6025978844710786 -0.1989713670475622 -0.1029555574925128 0.7150749924286471 -0.4724752597327456 -0.5198646186240354 0.04208127790476403 -0.3001794691229096 -0.6315282064435753 -0.6992020146628465 0.2635401272645281 -0.4765468984909632 -0.3914285633312201
 0.06422856020861241 0.5325865384141815 0.7644848770014042 0.5667915807055022 -0.4605689664120274 -0.7357507959844263 0.00256226565190085 0.2322492522643886 0.4078230269575794 0.1154051012849468 -0.1124250716724347 0.2453161959013279 0.5920917026809854 0.7729761422916581 0.1494960597366669 0.0009951163946761309 -0.06667583174933304 0.6159625546890921 0.02145211075937818 -0.1150968466972577 0.2614525899080342 -0.2801101723221286 -0.1583564138699327 -0.5962295070661682 0.1104796127598211 0.111401938902143 -0.6188062818176568 -0.3923582633740733 -0.6022852855543642 0.4019217912538269
