# Created by Octave 4.2.2, Mon Jul 09 12:17:48 2018 GMT <unknown@unknown>
# name: bestWTrainGlobal
# type: cell
# rows: 1
# columns: 3
# name: <cell-element>
# type: matrix
# rows: 3
# columns: 5
 1.048535832589165 -0.5763627898973237 -1.947302901045393 1.432604649348517 1.375546977167987
 0.4838229649561097 -1.288405934107213 0.09361595187376605 -0.01636927916939819 -1.670291751968988
 1.473483784278216 2.357008693820485 1.278495679296689 -1.751466974486569 0.4714079132224988



# name: <cell-element>
# type: matrix
# rows: 5
# columns: 5
 -1.091047863138564 -1.841320829254969 -1.082062056184257 -1.947257773432164 2.028611686489896
 -1.964691141143881 -1.730606970593652 0.3698772678497981 0.6074358406513681 -1.099672926837558
 2.196317927118775 0.470638238493067 0.7948487202547874 -0.6037020113224113 1.867624887528991
 -2.247794136590308 -0.3830075417279943 2.2880560089851 -2.340846657131012 -2.16161041945079
 -1.877745330390089 0.6983309811466806 -1.200009223010033 2.437971778834338 -2.199779011513067



# name: <cell-element>
# type: matrix
# rows: 5
# columns: 3
 -1.324963598526366 -1.46513691714189 1.716466064738274
 0.2400796345542412 0.8305974143994345 1.278884731713825
 -0.686081614544196 -0.2866323148262348 -2.409260863784812
 1.384397875075837 -0.2416097536972596 1.87722473722705
 -0.4321242090108394 -2.346578916105151 1.609415331006184





