# Created by Octave 4.2.2, Wed Jul 25 06:11:10 2018 -04 <francisco@francisco-X555LB>
# name: bestWTrainGlobal
# type: cell
# rows: 1
# columns: 3
# name: <cell-element>
# type: matrix
# rows: 56
# columns: 30
 -0.6428113469844842 0.543547157624051 -0.2768241046945605 -0.657263062950177 -0.6608957332710319 0.5363136833384242 -0.7688672772226944 0.372314228853292 -0.5677079436964227 -0.2706801269453462 -0.01067872983261221 -0.09759845722907504 0.5474650850036203 0.7534889446600477 -0.07944770176076622 0.4005295237020605 -0.6049391347698223 0.0009922388878681205 -0.2525137322483853 0.2001241663644305 -0.49430169358037 0.001762410187427704 -0.7296635381397623 0.5079059027715879 0.2503397683635052 0.4672553316021049 -0.06504219698904556 -0.2156325910918845 0.6834689887788153 0.5179903256731049
 0.3049681885420222 0.1047030387407447 -0.5945784162855963 -0.7015615666932131 0.4771903315251877 -0.2022766896346961 0.7244336547879532 0.213122495743143 -0.3420937233127041 0.1972256951488254 0.1943203404021265 -0.4350559980513484 -0.6815842926201344 0.4679908708283135 -0.5455807018615612 0.6084497318656102 0.006957675066093569 -0.01855529423588876 0.1429035912238134 -0.2534506640612796 -0.3610432750658282 0.5196515111861484 -0.08699619562719549 -0.6726311617692049 0.5500136588065511 0.432568493237932 0.1710397238030818 -0.03358458077528163 0.225317365248203 0.2219914911422567
 0.5538851947660167 0.3936492690412837 0.6389762791572166 -0.692102976112992 -0.644762223286125 -0.2812846026966741 -0.2315317727929773 -0.4077241157858395 0.03784384544314181 -0.318488249626094 -0.6832724036334158 -0.4733527417239838 -0.3166391710546301 -0.5070267603255509 -0.1610009481245454 0.3990487159865026 -0.01335835986919566 -0.4480528897524156 -0.1309650771286699 -0.3932347953117187 -0.08125345351507592 0.2076901063253451 0.7963110999679993 -0.4011483787658487 -0.4843457845480933 0.5413719586810494 0.1353953023048002 -0.5683970325027577 0.7577750384402009 -0.6531387721561017
 -0.2130928497907694 0.3675132195797836 -0.5701342753178738 0.756678225717396 0.1924256892299024 0.4561215857470374 0.4455598770395198 0.237963469296599 0.0899167375546699 0.4415786521180531 -0.5756233392926073 0.01699044507977938 0.3694830531287794 -0.5634971012325076 -0.5626779194772407 -0.6848832812872425 0.006050228881776324 -0.7040623838670371 -0.3446411583132341 0.4816320863872042 -0.5349869428389329 -0.6013846910694504 0.2293241066529233 -0.128912655826951 -0.2788256544199086 -0.6429432154086326 -0.7803555443965605 0.4487648460935357 0.5454664743130233 -0.1931155831340137
 -0.02832899120210581 -0.5533413607014177 -0.7099943975991702 -0.05594424040507037 -0.02917325710541262 -0.3495778357408006 0.01902722295465095 0.2090002516281735 0.09817582957217923 -0.1014681329032421 0.4971444886905373 0.5761941668470714 -0.4206558223203081 0.2992353547090925 -0.288919471057038 0.5639442766266961 0.1594540208848258 0.5769455991415988 0.5563262435190882 0.6327400889547309 -0.6085738775000118 0.3442625210931148 -0.162694022621716 -0.3995145480631604 -0.6485252375765538 0.2858925530780962 -0.3680439788440912 -0.287633383068935 -0.7591139973208935 -0.551367853266617
 0.6464005013323282 0.6489141825062212 -0.03758189587526617 -0.6092753209887533 0.7750900929924355 0.1839438768052753 0.7300872732387254 -0.2233762371016374 -0.1905940586539857 0.2534797100807779 -0.6512528972802574 -0.5308472953905974 0.3336942758937563 0.1185089597199084 -0.341418716511258 -0.1728952656953442 -0.4429405785149185 0.5260985265353241 -0.2458940362976921 0.6396100883953713 -0.1846559442246058 -0.07286680567594916 0.760760750547242 0.2788672917224561 -0.7288639733172043 0.1214841409175935 -0.01351401357965011 -0.5975771451756573 -0.5031186181978816 -0.22917966598088
 0.2428538649800469 0.2028001704326947 0.07343933135617696 -0.4030947822336823 0.2778760770625042 0.6800910397665322 0.1782330854120845 -0.24950042832191 -0.2780541301596411 -0.06326023808990135 -0.7429671308917306 -0.1969598241058869 0.2424147857986994 0.6359650756354998 0.730077903867413 0.4948785264852587 -0.148397883248356 0.280770067472323 -0.6314061842981611 0.5832262143882027 -0.2215691633617218 -0.5157109892686446 -0.4635428424768563 -0.07870345785547173 -0.1584388853671265 0.3107071565072434 -0.05379640251087986 0.06945114246418803 0.28917447576651 0.7319053452332885
 0.4620931115963416 -0.7475154416070465 -0.5981549889223261 0.2229381688987408 0.1861691012908633 -0.1347905328879883 -0.4725265365734312 0.5645270132600206 -0.02282120921346464 0.1387840440304967 -0.171350748472598 0.6312036362619401 0.1939598576967506 -0.548141569048856 0.3960327014209241 -0.08561369343226666 0.05804738883792582 0.8057297658269158 -0.4301955909559116 0.7089035041464786 -0.7237233102659271 0.3562123970107979 0.215649041643877 -0.185689209036274 -0.6063928928831661 0.261637980174173 0.07247694246708834 0.4006601076710273 0.3956691817177056 -0.5809971815087179
 -0.3512627411690317 0.5135345310427555 0.5518063864830214 -0.3424301627710593 0.1982668576445671 -0.5930101090495479 0.7909135134982368 -0.7048066783527701 0.6513767015512479 0.4699419680813347 0.4769146427954354 -0.4485862681083261 -0.567565969956621 0.3044817988341993 0.640946255204307 0.3120676912494654 -0.2486926382853847 -0.7173954790240654 -0.05313789914741498 -0.04177186309040612 -0.4285083616849236 -0.626904606970132 0.5144261666300264 0.7765107335301141 0.002579834430660865 0.7237162215683514 -0.5778999909540049 0.6022967259710026 -0.09309305482352716 -0.7461366363455813
 -0.2378017231419508 0.1783036138393737 -0.7481147530783255 0.2327422918038473 0.4006477678699988 0.3391165627799692 -0.06955449319235951 0.6885447181248989 0.3950725543201566 0.807755292062429 -0.01503348619753254 -0.4791968048546809 0.1822011492951709 -0.4971568459352742 0.753851999137649 -0.1717216295535837 0.2849639056853797 0.5313356670815816 0.1887751206334209 -0.453259329568082 -0.2829249698778542 0.273666301809479 -0.7735783315455153 -0.3138389251960718 0.5572322688473224 -0.7621961115387648 -0.1717850976643392 -0.4471201280239603 0.5109557078789805 -0.5010783560541096
 0.614963156055356 -0.111746086183743 -0.7371322651794061 -0.2784930804721149 0.7206415995617931 -0.7398425283729795 0.4049977901077064 -0.5847420511372863 -0.7883149519531867 0.6383301809883891 -0.6340619204056583 0.4124175806558046 -0.1290596036128557 0.4824114233517116 -0.3378749281742651 0.7188180298469818 -0.240298914230618 0.1581036174340363 -0.736176635980232 0.3432624600723022 -0.2752688862878176 -0.4255102654969941 -0.4316188624048585 0.6231181945958704 -0.4159914484574165 -0.433624366887562 0.1085149260985454 -0.5937381165285052 0.2148308757968313 -0.4426278234506046
 -0.6247945189888915 -0.1149628818920214 0.6696147322120387 -0.1245638119976692 -0.004887817925702862 0.7725968671126263 0.1188308737471872 0.5208009592230509 -0.4152964435351291 -0.261729279763287 0.7002354411437736 -0.02038955358563615 -0.4988369682165056 -0.3592702394670148 -0.3941165049435874 0.3549041092422353 -0.6171563186411888 0.1117758678885696 0.485613449259594 -0.2371092810849038 -0.7924076895929628 -0.5443968357815508 -0.1445129626510691 -0.2597240403396253 -0.02980734241962715 0.6222444454863436 -0.001195456497859089 -0.1791508931930028 0.2310237619429021 0.5487652021840799
 -0.01463541865173198 -0.07459637540785796 -0.6245639261819443 -0.404087277806705 0.294005598791728 0.6869396394561728 0.3083917763408582 -0.06412799907485747 -0.6579456703502595 -0.2898917430667051 -0.3226959456018286 0.1155548750061662 -0.1580791348823493 -0.506414269718178 0.1008135251591254 -0.5748980241073259 -0.2889053667849036 -0.4218004462477822 -0.1917782592336391 -0.4896246073693424 -0.5691621555090461 -0.4999774440953677 0.5107366497900853 -0.1650605730608651 0.543669262509173 -0.3193113607508217 0.5298392548808603 -0.3452015118491347 -0.04279920100057173 -0.01619220017083512
