# Created by Octave 4.2.2, Wed Jul 18 11:23:33 2018 GMT <unknown@unknown>
# name: mejor_metrica
# type: scalar struct
# ndims: 2
 1 1
# length: 8
# name: mnsc
# type: scalar
0.4602315124793872


# name: mae
# type: scalar
0.1059249074588256


# name: rmse
# type: scalar
0.1290596439568023


# name: r2
# type: scalar
0.6762995610469412


# name: lag
# type: scalar
64


# name: h
# type: scalar
4


# name: y_obtenido
# type: matrix
# rows: 1
# columns: 225
 0.7098224765193174 0.7181064736532548 0.7024120649438759 0.697706236839653 0.7057356354678508 0.7229787191864731 0.7347392120877291 0.7310994762776928 0.7268594165367682 0.7321653115143218 0.7388595395504567 0.745589458853173 0.748616891414714 0.7486722810205287 0.7581455900785596 0.7641674551896346 0.7512630491347261 0.7368320468054933 0.7375102473238324 0.7416484159329167 0.7444604117343999 0.748840555861641 0.7504950499971856 0.7514712871099717 0.7519277899025538 0.7565175626699139 0.7598601684293975 0.7632328177399905 0.772294441699613 0.7791178331713795 0.7785688428132082 0.7713508891464445 0.7604463534444958 0.7555993170320698 0.7587389814345492 0.7527116911860858 0.7356716281482186 0.72722629216701 0.7378791146682065 0.750356991939316 0.7573857860362989 0.7592197092096652 0.7593741833804827 0.7551718378654878 0.7602318059747816 0.7680783180156117 0.7695355740988346 0.7655238824201638 0.7578857376259838 0.7593469723995497 0.7593683968471879 0.7575777058674108 0.7500880763303025 0.7486716640661022 0.7567791029020692 0.7563985830006401 0.7527379577536486 0.7524711798915218 0.7577665000771838 0.7602064554880776 0.7514969149523841 0.7497919427032452 0.7570540799488633 0.7650436347955469 0.7683787745763602 0.7707271757861709 0.7720174048554894 0.7676836436215296 0.7639872152984942 0.76237319795611 0.7608269830447618 0.7577322272671256 0.7563854405895534 0.7560743201942411 0.7598627104165577 0.7643777867156856 0.7627065853460261 0.757681230694354 0.7562945230511386 0.7599081304452499 0.7623467241425234 0.7593940751092249 0.7531046811981084 0.7470068370267664 0.7467200676793551 0.7489005153658904 0.7529048817183815 0.7547076020446749 0.758240085068793 0.7589605038939441 0.7643656586628592 0.769602918351765 0.7688886671751108 0.7685013803426031 0.7686494434530606 0.7677173858976364 0.7678635307671574 0.7650047288506451 0.7568374817574188 0.7544096269998878 0.756665248581551 0.7571951549705893 0.7618119818253455 0.76353522478165 0.7577839198856486 0.7589193113100112 0.7657285102873798 0.7737074949647268 0.7765001848813724 0.7771050612979152 0.7787722832870944 0.7709607070709366 0.7552665545093269 0.7513088855522393 0.7542631217368729 0.7590938442525167 0.749926034593289 0.7317910504297862 0.7250367976291705 0.7282183183328739 0.73779995290537 0.7465133194002599 0.7493967266180667 0.7440904644788489 0.7304633974017287 0.7200329953287491 0.7157055145310049 0.7132424429290386 0.7071523718976396 0.7007825108339814 0.7016475809893882 0.6991424944483845 0.6849814268633538 0.6766840176288598 0.6846703159444685 0.7001717302545792 0.7076737721097542 0.6951472031413856 0.6818966439642573 0.6796739421165338 0.6803188486837145 0.6668999648195681 0.6541124198215573 0.6604620319213281 0.6657081389144437 0.6525414308502413 0.6316933676792079 0.6282667732975741 0.6458439818978866 0.662426781336827 0.6578182898651895 0.6497149159991271 0.642614484342197 0.6384201953842881 0.6501627031351614 0.6535066948554699 0.6380763946445761 0.6102817568421927 0.5817087400125616 0.5681373801825956 0.5681065901841197 0.5815622166325637 0.5896511946017891 0.5870207637727205 0.5781440430546984 0.5668355397354939 0.5727810120204431 0.5764681399578809 0.5807664938380346 0.5750234838005929 0.5511267448600146 0.5447036198033527 0.5323199084756273 0.4968934055345604 0.4767928941768645 0.4639714273264946 0.4586899913591814 0.4676981904053261 0.472880770888506 0.4833586044603718 0.4888481626396394 0.487091567127747 0.4839444428814811 0.5020549341353548 0.5257124852440519 0.5223945874215937 0.5175038458716811 0.5186812087981792 0.5130420112058607 0.5089446903196542 0.4992800144621412 0.4923450497145438 0.4784723560896575 0.4641246336075366 0.4625435107855227 0.4615646603364871 0.4514520795596763 0.4457687635117505 0.4418414676923642 0.4467398703168672 0.4475202636330467 0.4244865491308752 0.3930760447913186 0.3712441203067463 0.3684383882601328 0.3697815131018008 0.363649748126164 0.354462430373382 0.3502756836852122 0.3629795518936398 0.3866505014007677 0.418106718909073 0.4366304647209358 0.4226565276694844 0.4038248679830008 0.3978583481635654 0.400689634632256 0.3897152353604341 0.3540277618796608 0.3315228763169634 0.3551080573556136 0.3890237381932918 0.4032141633346224 0.3903511097300786 0.3950002101991248


