# Created by Octave 4.2.2, Tue Jul 17 19:15:40 2018 GMT <unknown@unknown>
# name: mejor_metrica
# type: scalar struct
# ndims: 2
 1 1
# length: 8
# name: mnsc
# type: scalar
0.7633206961962826


# name: mae
# type: scalar
0.004939080209475443


# name: rmse
# type: scalar
0.006232711693552054


# name: r2
# type: scalar
0.9334749909700562


# name: lag
# type: scalar
64


# name: h
# type: scalar
1


# name: y_obtenido
# type: matrix
# rows: 228
# columns: 1
 0.01513897830268859
 0.01959033403319435
 0.02199217932832731
 0.03147838808083608
 0.03317083391672548
 0.03210175576242345
 0.02623150181424772
 0.02685973324930468
 0.01949013919470885
 0.0356634679088774
 0.02379571564385011
 0.01976174567167574
 0.02421193777498389
 0.03319307289272112
 0.03145609961484087
 0.02381763292427391
 0.03037068801546909
 0.03244307503479536
 0.0313943937756138
 0.02791790347854212
 0.02855212127471254
 0.03175824986638447
 0.03393799521232434
 0.02714632909373753
 0.02497204936238302
 0.02270830730690102
 0.03518107008829161
 0.02803791803540773
 0.03735001824390524
 0.03242106728625078
 0.03613158677624769
 0.03363570859230038
 0.02573269831897433
 0.02919450301688492
 0.02231474034420764
 0.02424919643406686
 0.01984786623541515
 0.02907399118878138
 0.03104256628398482
 0.03257256121116599
 0.03448397398988293
 0.0234582910315493
 0.03087571949996072
 0.03199803428513506
 0.02823461420874526
 0.02845254309265965
 0.02752261068549954
 0.0279111896963968
 0.02712984820842813
 0.03174162661754757
 0.03005620422943283
 0.02557025547658633
 0.02301451057551169
 0.03028349524867352
 0.03081320508101895
 0.03220164311258678
 0.03006520982156025
 0.03227587180077179
 0.03575733378996553
 0.03930553451089761
 0.03466668394274228
 0.04204531841209285
 0.03325734360831769
 0.03201229075246222
 0.02711518985147141
 0.03545573365231516
 0.02988469964918043
 0.03221545185704588
 0.02665335917796991
 0.02350933682794329
 0.02610304495380639
 0.02895737184854485
 0.0296756191406954
 0.03371234990424392
 0.03595546543927694
 0.02796667751166114
 0.02409250209823951
 0.02498818216283156
 0.03246501837389243
 0.02320486602789369
 0.0309132830660786
 0.02358222481440286
 0.03474723392499478
 0.03058228660514473
 0.03225409273947893
 0.03391347536919245
 0.03590392594656072
 0.03677160063636058
 0.03407738540967486
 0.04011996482895814
 0.03321451477476574
 0.03111746643781972
 0.02768587584116411
 0.0230137185283132
 0.04198424580475352
 0.03844699581237911
 0.03011057544828393
 0.02330683055940194
 0.03177521210980434
 0.03345988128093392
 0.03116534594060128
 0.03234959079747465
 0.04204710030117301
 0.0371141344577381
 0.0354107735064618
 0.02473691810677271
 0.02843890493041761
 0.03729385290471142
 0.03466425427627929
 0.02646283152630493
 0.02119711770403648
 0.01999748104001105
 0.02423515833903403
 0.0277803249017982
 0.02838383519838957
 0.02411149448601821
 0.01744095482043824
 0.02496081215048031
 0.02596303459460676
 0.02898904740011326
 0.02521860836603779
 0.02145493466523302
 0.01702355948001418
 0.01034876809773706
 0.008409051876340496
 0.01276215758911959
 0.01783924807391817
 0.01941013899641079
 0.009985447964537082
 0.01350797200535602
 0.01254207362678731
 0.01475483877384044
 0.002403268323198466
 0.006191718360865714
 0.004569407451146128
 0.01903031769667698
 0.01201121107621031
 0.01558160017974001
 0.007628782694156581
 0.008157732640387685
 0.003114124707958948
 0.004086828749408504
 0.008616926242994314
 0.01812814480983537
 0.007618327478072766
 0.004816960061965594
 0.01105201136884701
 0.006212600451780131
 0.003660340569648876
 0.006250772808371659
 0.001665254916823791
 -0.005783427741224715
 0.003900471739604973
 0.002768173559942161
 -0.008911103147198471
 -0.008097448947722994
 -0.007877549288522041
 -0.008079615927417971
 0.002906015244005461
 -0.00790547722904392
 -0.005223688584598488
 -0.01120799803443733
 -0.004335257394313641
 0.003277747908127458
 -0.001448444817488257
 -0.008729796562648445
 -0.01893463940126018
 -0.02154330438490519
 -0.01723598645748983
 -0.02207979883097791
 -0.01893699106981257
 -0.02785018176160656
 -0.02832741707940179
 -0.02629126169595875
 -0.02164809974128835
 -0.01418983485277347
 -0.01578877516826729
 -0.02896356411929626
 -0.01693678152816164
 -0.003924917666087911
 -0.002910991984168151
 -0.008424623158249871
 -0.008936826174898426
 -0.007935077222349169
 -0.008305817275107947
 -0.001825824180757102
 -0.01076361668486862
 -0.02045440705752286
 -0.01922931372187243
 -0.0273890925739519
 -0.03402895266100753
 -0.02890497580967246
 -0.02675764899188857
 -0.0244458432785679
 -0.02621694431707538
 -0.01769932824132548
 -0.02132711736144776
 -0.03206042346551884
 -0.03817700693960355
 -0.04357236545880332
 -0.04191470001938607
 -0.0472412671649193
 -0.04384921016601562
 -0.03598565895642514
 -0.03518356235487756
 -0.03396669759111277
 -0.02381086625682113
 -0.01638426870463566
 -0.01151055115063673
 -0.01435875778261312
 -0.03939033516940479
 -0.04135536379316102
 -0.0406384445325973
 -0.02793913539960447
 -0.03741427158416409
 -0.03426389186086787
 -0.02053380361557192
 -0.01973303598001432
 -0.01206391840306458
 -0.005017638950063795
 -0.02242569707072606
 -0.01738960981202462
 -0.01616705463740742
 -0.03032156717410363
 -0.02124622714390779
 -0.01317046861432243
 -0.01362647369799825
 -0.01310643537429527


