# Created by Octave 4.2.2, Sat Jul 21 20:07:04 2018 GMT <unknown@unknown>
# name: mejor_metrica
# type: scalar struct
# ndims: 2
 1 1
# length: 8
# name: mnsc
# type: scalar
-13.09951492341332


# name: mae
# type: scalar
0.9448266707873297


# name: rmse
# type: scalar
0.9638154153441081


# name: r2
# type: scalar
-126.0462921025992


# name: lag
# type: scalar
30


# name: h
# type: scalar
1


# name: y_obtenido
# type: matrix
# rows: 205
# columns: 1
 1.581885712174111
 1.547832781571449
 1.434587589360216
 1.344450620797831
 1.359609557097144
 1.366333702615801
 1.262882803855899
 1.176699964254803
 1.177070139878023
 1.232344098247113
 1.19701500674921
 1.125873261543967
 1.105909081347671
 1.201563897309235
 1.258237654270717
 1.242480537338759
 1.226689479412238
 1.319876882023906
 1.447778249135763
 1.475228524678393
 1.485096111587282
 1.520844449215137
 1.656130296079669
 1.69661053826438
 1.683186130940951
 1.64942796214903
 1.695545827435308
 1.703749191406948
 1.617144166753453
 1.531714821430865
 1.524390598398247
 1.553028669219986
 1.470435171023315
 1.395865713343156
 1.36801862452981
 1.45119906069479
 1.420980412188844
 1.351368495987801
 1.311379423437341
 1.41150134008389
 1.489410535612097
 1.43957056377004
 1.411516797579745
 1.454821052335728
 1.590856819790441
 1.586619557173127
 1.545893674982467
 1.504235945866767
 1.552652816332124
 1.553498547825716
 1.492244036041505
 1.435284423427582
 1.47687318164544
 1.536316063871679
 1.503970409736118
 1.491088041758239
 1.505556926067616
 1.58531184344644
 1.54316785938981
 1.503254773115716
 1.476941292566412
 1.531757513793301
 1.555720772683165
 1.4952538478615
 1.446612665468602
 1.445902215531461
 1.517391931678273
 1.506400515336735
 1.483325904788155
 1.474857571366733
 1.570113076474435
 1.587505997366804
 1.541244553265015
 1.484403314224535
 1.497603525748147
 1.489944805248363
 1.389676502268095
 1.346529206337889
 1.367313403535388
 1.473948504081597
 1.482137679272457
 1.471554947455632
 1.50910548875127
 1.62674511844499
 1.625829053149184
 1.503356855342735
 1.429066030194087
 1.495661319390194
 1.569872783341424
 1.487808139784439
 1.433800080522594
 1.484092483480625
 1.614685511028773
 1.565877633372568
 1.42867207350391
 1.384571644899777
 1.46657202274578
 1.478496260249672
 1.370273718095544
 1.35833191842037
 1.497922137190537
 1.671969121483435
 1.658693507568098
 1.636660496337097
 1.690425265503129
 1.818440912205067
 1.769429158890158
 1.624486175053503
 1.597331823219983
 1.666228793051235
 1.688212505035679
 1.551246329084958
 1.465460663193652
 1.445074846208694
 1.476899885635168
 1.399921324899164
 1.297105550176259
 1.259148333469816
 1.331703999699694
 1.376663113564969
 1.329455555073858
 1.357986900371014
 1.431279362198813
 1.482995537644843
 1.402170497445619
 1.381031713928695
 1.425417703451983
 1.468287916409886
 1.449169349567913
 1.424387999872671
 1.506245086590805
 1.584332314667965
 1.574769984364185
 1.479317952562503
 1.437352905126121
 1.454249165277921
 1.410368455915298
 1.309536432914032
 1.269871321446539
 1.331369576430538
 1.377014937391324
 1.331739407917734
 1.318652101559092
 1.379978369745533
 1.424042273263417
 1.356478940581677
 1.249884433565448
 1.250346415997887
 1.32228107173043
 1.322382819784868
 1.233257158525685
 1.208272429973125
 1.301895030673254
 1.386313797902814
 1.392890538450734
 1.3822530199686
 1.443549604314695
 1.546429483279761
 1.559891484302216
 1.482016798235913
 1.398347456439172
 1.406267028614995
 1.387236114862786
 1.239720703453914
 1.09877108193122
 1.085321356360975
 1.102987336994097
 1.022228580907859
 0.8901755288111685
 0.8601627958777113
 0.9458578001703658
 1.007792112508133
 0.9782031407735269
 0.9446247721717357
 1.074105885652506
 1.212077335838988
 1.261668256409717
 1.275031389502125
 1.383495404981657
 1.516292702255724
 1.495138523548565
 1.415692470283481
 1.371873815830776
 1.395040433015382
 1.341217468947228
 1.220432758245654
 1.167305310485452
 1.223606479882607
 1.253895229147835
 1.199784196757701
 1.164822798173475
 1.224847006391983
 1.324355339302145
 1.325839189151319
 1.288964364823528
 1.324449026636741
 1.430499461496916
 1.445717250812027
 1.387148518662956
 1.383342422078573
 1.470489440485171
 1.522685193781738
 1.459553543346759
 1.407184195419506
 1.443061649609486


