# Created by Octave 4.2.2, Mon Jul 16 15:16:39 2018 GMT <unknown@unknown>
# name: mejor_metrica
# type: scalar struct
# ndims: 2
 1 1
# length: 8
# name: mnsc
# type: scalar
0.5111625899222708


# name: mae
# type: scalar
0.09511649083037596


# name: rmse
# type: scalar
0.1149446647324755


# name: r2
# type: scalar
0.7403169462021106


# name: lag
# type: scalar
63


# name: h
# type: scalar
1


# name: y_obtenido
# type: matrix
# rows: 1
# columns: 229
 0.7365935087721666 0.7394237856323591 0.7304677862885236 0.7170724905799331 0.7056481408748254 0.7140690281569532 0.7245659256725009 0.7239295023267199 0.7175573513712765 0.7071886279931426 0.7186582845665516 0.7427524091289159 0.7530845465283804 0.7554317949953241 0.7473501595018581 0.7294742023184015 0.7123408728435443 0.7038838134377871 0.7146172544188123 0.7239584468923205 0.7325712382584617 0.7459707914917121 0.7573718561981075 0.7641930689632943 0.761951931626389 0.7573710941890957 0.7612211842799194 0.7628372125402886 0.7573596471166292 0.7547169118593922 0.7593716497334581 0.7600925534757852 0.7546423338315664 0.7534493747798777 0.7570281080082798 0.7664543520830421 0.7769400182109607 0.7809398994108943 0.7771769921820761 0.7684797453789085 0.7641076480750078 0.7657652556306779 0.7711134573457394 0.7674346027042429 0.7607263064609264 0.7675261307167102 0.7786237775213598 0.7832541552162775 0.7770232172404328 0.7716927297388551 0.7677547297495012 0.7603445564831031 0.7550479447599875 0.7515949140467701 0.7518642611150531 0.7491730240596561 0.7414091230450919 0.7488898923256697 0.7553449636599976 0.7521906334257962 0.746900577603452 0.7537524128058263 0.7673722919061544 0.7684338517401863 0.7646987491952889 0.7545479094868075 0.7567839541758762 0.7589316375704678 0.7554977609703247 0.7539314389346228 0.7517096477877053 0.7529982607898201 0.7486013179503447 0.742551196193021 0.7411419868311176 0.7405706279389559 0.7498836781569975 0.7539350663771064 0.7532188195198882 0.7548822228985336 0.7508534040382844 0.746550203989491 0.7442251311136641 0.746181720574755 0.7418858857825673 0.7397935675243548 0.7466902026224584 0.7565409038864579 0.7634886543629525 0.7637429517115202 0.7613080419051994 0.7655077417849311 0.7715208095527868 0.7713825209559668 0.7660389838124739 0.7593233400464163 0.7538853765202106 0.7546359783804998 0.7595838375227282 0.7575786325346551 0.7506195292704128 0.7464936660268369 0.7510313708517524 0.7602405910020666 0.7653197230103465 0.7693532556526317 0.7732352511798197 0.7711010653817829 0.7612063071567368 0.7544692904041767 0.7552761826115061 0.754894284835106 0.7472595754116674 0.7418563743093741 0.7387683602899674 0.7381413172697461 0.7338430823406101 0.7275301092514597 0.7294400209378863 0.7239878251341828 0.7272956574867531 0.7441336849175393 0.7571464051803194 0.7502710979395704 0.7239154532154238 0.709328049125862 0.7163388780494432 0.7259465307756672 0.7281749266619592 0.7114864594548406 0.7043412643041969 0.7052569752842972 0.7030663689646228 0.7003276201732208 0.6988658322660488 0.709248612071713 0.7082636032784554 0.6904357112908388 0.6817726494940585 0.6827305686520675 0.6789710745987151 0.6561848036289354 0.6308757134271884 0.631117345555755 0.6481778910072066 0.6577976693831845 0.6575832467608611 0.6576147249290286 0.6488521257009299 0.6245344976077787 0.6085000057492906 0.6199682978662656 0.6300370010042886 0.6304838888828947 0.6217613653245654 0.600260866566847 0.5763443263411353 0.5583962861249453 0.5428993926699593 0.53443580146875 0.5383550964031328 0.554051180262413 0.5538711077287652 0.5521563787235435 0.5576886218806099 0.5416933985352452 0.5388849761003747 0.5522185172661396 0.5383529854664595 0.5237827785227332 0.5168761056516544 0.5091763706487038 0.492725321143916 0.4616544538733833 0.434106542151809 0.4362571594677336 0.4603701913701209 0.4613840489308407 0.4485931035187385 0.4555576665383968 0.4554426722364052 0.4690391748980345 0.4952333684181549 0.5151956931542497 0.5182755698628511 0.5036760024245431 0.5096104900871106 0.5193864030164883 0.5041910052064656 0.487227920226928 0.4750405345471975 0.4761620014353761 0.4721322783334828 0.4471040716802045 0.4237195712320519 0.3925786108168774 0.3905523036894336 0.398877799726911 0.3890482493987195 0.3808800024082191 0.366037924032204 0.3626854126147701 0.3767978494718405 0.3834733848224681 0.3619878847685841 0.3207579297609029 0.3080662872466232 0.3222465443273171 0.3396058753688616 0.3475044953469959 0.3571748770728636 0.3997146588052576 0.4496713230902135 0.4590788881774735 0.4350049040883232 0.3940775636514082 0.3601105101845376 0.3438303101422814 0.3231918627243967 0.3096810943991434 0.3319263650142464 0.3605901010934229 0.3841881090771326 0.4168422090249145 0.4604229004185258 0.4875531946620202 0.4940025654834058 0.496521888535474 0.4787504003989818


